	购买次数	钻石消耗量	金币兑换量
#	1	2	20000
#	2	2	20000
#	3	2	20000
#	4	2	20000
#	5	4	20000
#	6	4	20000
#	7	4	20000
#	8	4	20000
#	9	6	20000
#	10	6	20000
#	11	6	20000
#	12	6	20000
#	13	8	20000
#	14	8	20000
#	15	8	20000
#	16	8	20000
#	17	10	20000
#	18	10	20000
#	19	10	20000
#	20	10	20000
#	21	12	20000
#	22	12	20000
#	23	12	20000
#	24	12	20000
#	25	14	20000
#	26	14	20000
#	27	14	20000
#	28	14	20000
#	29	16	20000
#	30	16	20000
#	31	16	20000
#	32	16	20000
#	33	18	20000
#	34	18	20000
#	35	18	20000
#	36	18	20000
#	37	20	20000
#	38	20	20000
#	39	20	20000
#	40	20	20000
#	41	22	20000
#	42	22	20000
#	43	22	20000
#	44	22	20000
#	45	24	20000
#	46	24	20000
#	47	24	20000
#	48	24	20000
#	49	26	20000
#	50	26	20000
#	51	26	20000
#	52	26	20000
#	53	28	20000
#	54	28	20000
#	55	28	20000
#	56	28	20000
#	57	30	20000
#	58	30	20000
#	59	30	20000
#	60	30	20000
#	61	32	20000
#	62	32	20000
#	63	32	20000
#	64	32	20000
#	65	34	20000
#	66	34	20000
#	67	34	20000
#	68	34	20000
#	69	36	20000
#	70	36	20000
#	71	36	20000
#	72	36	20000
#	73	36	20000
#	74	36	20000
#	75	36	20000
#	76	36	20000
#	77	36	20000
#	78	36	20000
#	79	36	20000
#	80	36	20000
#	81	36	20000
#	82	36	20000
#	83	36	20000
#	84	36	20000
#	85	36	20000
#	86	36	20000
#	87	36	20000
#	88	36	20000
#	89	36	20000
#	90	36	20000
#	91	36	20000
#	92	36	20000
#	93	36	20000
#	94	36	20000
#	95	36	20000
#	96	36	20000
#	97	36	20000
#	98	36	20000
#	99	36	20000
#	100	36	20000
#	101	36	20000
#	102	36	20000
#	103	36	20000
#	104	36	20000
#	105	36	20000
#	106	36	20000
#	107	36	20000
#	108	36	20000
#	109	36	20000
#	110	36	20000
#	111	36	20000
#	112	36	20000
#	113	36	20000
#	114	36	20000
#	115	36	20000
#	116	36	20000
#	117	36	20000
#	118	36	20000
#	119	36	20000
#	120	36	20000
