	说明:	"不需要填的用""0""占位"												
														
		"宝箱等级:1，代表普通难度累积10颗星;2，代表普通难度累积20颗星;4，代表普通难度累积30颗星;8,代表精英难度累积10颗;16，代表精英难度累积20颗;32，代表精英难度累积30颗"												
														
														
	章节数	宝箱等级	RMB	金币	物品_1_原始名	物品_1_数量	物品_2_原始名	物品_2_数量	物品_3_原始名	物品_3_数量	物品_4_原始名	物品_4_数量	物品_5_原始名	物品_5_数量
#	1	1	10	3000	0	0	0	0	0	0	0	0	0	0
#	1	2	15	3000	0	0	0	0	0	0	0	0	0	0
#	1	4	20	3000	0	0	0	0	0	0	0	0	0	0
#	1	8	15	4500	0	0	0	0	0	0	0	0	0	0
#	1	16	20	4500	0	0	0	0	0	0	0	0	0	0
#	1	32	25	4500	0	0	0	0	0	0	0	0	0	0
#	2	1	10	4000	0	0	0	0	0	0	0	0	0	0
#	2	2	15	4000	0	0	0	0	0	0	0	0	0	0
#	2	4	20	4000	0	0	0	0	0	0	0	0	0	0
#	2	8	15	6000	0	0	0	0	0	0	0	0	0	0
#	2	16	20	6000	0	0	0	0	0	0	0	0	0	0
#	2	32	25	6000	0	0	0	0	0	0	0	0	0	0
#	3	1	10	5000	0	0	0	0	0	0	0	0	0	0
#	3	2	15	5000	ZBSP6	5	0	0	0	0	0	0	0	0
#	3	4	20	5000	ZBSP5	5	0	0	0	0	0	0	0	0
#	3	8	15	7500	0	0	0	0	0	0	0	0	0	0
#	3	16	20	7500	0	0	0	0	0	0	0	0	0	0
#	3	32	25	7500	0	0	0	0	0	0	0	0	0	0
#	4	1	10	6000	0	0	0	0	0	0	0	0	0	0
#	4	2	15	6000	ZBSP6	5	0	0	0	0	0	0	0	0
#	4	4	20	6000	ZBSP5	5	0	0	0	0	0	0	0	0
#	4	8	15	9000	0	0	0	0	0	0	0	0	0	0
#	4	16	20	9000	0	0	0	0	0	0	0	0	0	0
#	4	32	25	9000	0	0	0	0	0	0	0	0	0	0
#	5	1	10	8000	0	0	0	0	0	0	0	0	0	0
#	5	2	15	8000	ZBSP8	5	0	0	0	0	0	0	0	0
#	5	4	20	8000	ZBSP7	5	0	0	0	0	0	0	0	0
#	5	8	15	12000	0	0	0	0	0	0	0	0	0	0
#	5	16	20	12000	0	0	0	0	0	0	0	0	0	0
#	5	32	25	12000	0	0	0	0	0	0	0	0	0	0
#	6	1	10	10000	0	0	0	0	0	0	0	0	0	0
#	6	2	15	10000	ZBSP8	5	0	0	0	0	0	0	0	0
#	6	4	20	10000	ZBSP7	5	0	0	0	0	0	0	0	0
#	6	8	15	15000	0	0	0	0	0	0	0	0	0	0
#	6	16	20	15000	0	0	0	0	0	0	0	0	0	0
#	6	32	25	15000	0	0	0	0	0	0	0	0	0	0
#	7	1	10	13000	0	0	0	0	0	0	0	0	0	0
#	7	2	15	13000	0	0	0	0	0	0	0	0	0	0
#	7	4	20	13000	TS302	1	0	0	0	0	0	0	0	0
#	7	8	15	19500	0	0	0	0	0	0	0	0	0	0
#	7	16	20	19500	0	0	0	0	0	0	0	0	0	0
#	7	32	25	19500	TS502	1	0	0	0	0	0	0	0	0
#	8	1	10	16000	0	0	0	0	0	0	0	0	0	0
#	8	2	15	16000	0	0	0	0	0	0	0	0	0	0
#	8	4	20	16000	TS202	1	0	0	0	0	0	0	0	0
#	8	8	15	24000	0	0	0	0	0	0	0	0	0	0
#	8	16	20	24000	TS402	0	0	0	0	0	0	0	0	0
#	8	32	25	24000	ZBSP20	5	0	0	0	0	0	0	0	0
#	9	1	10	20000	0	0	0	0	0	0	0	0	0	0
#	9	2	15	20000	0	0	0	0	0	0	0	0	0	0
#	9	4	20	20000	TS102	1	0	0	0	0	0	0	0	0
#	9	8	15	30000	0	0	0	0	0	0	0	0	0	0
#	9	16	20	30000	0	0	0	0	0	0	0	0	0	0
#	9	32	25	30000	ZBSP20	5	0	0	0	0	0	0	0	0
#	10	1	10	25000	0	0	0	0	0	0	0	0	0	0
#	10	2	15	25000	0	0	0	0	0	0	0	0	0	0
#	10	4	20	25000	ZBSX01	80	ZBSX02	10	0	0	0	0	0	0
#	10	8	15	37500	0	0	0	0	0	0	0	0	0	0
#	10	16	20	37500	0	0	0	0	0	0	0	0	0	0
#	10	32	25	37500	ZBSX01	80	ZBSX02	10	0	0	0	0	0	0
#	11	1	10	30000	0	0	0	0	0	0	0	0	0	0
#	11	2	15	30000	0	0	0	0	0	0	0	0	0	0
#	11	4	20	30000	ZBSX01	80	ZBSX02	10	0	0	0	0	0	0
#	11	8	15	45000	0	0	0	0	0	0	0	0	0	0
#	11	16	20	45000	0	0	0	0	0	0	0	0	0	0
#	11	32	25	45000	ZBSX01	80	ZBSX02	10	0	0	0	0	0	0
#	12	1	10	35000	0	0	0	0	0	0	0	0	0	0
#	12	2	15	35000	0	0	0	0	0	0	0	0	0	0
#	12	4	20	35000	ZBSX01	80	ZBSX02	10	0	0	0	0	0	0
#	12	8	15	52500	0	0	0	0	0	0	0	0	0	0
#	12	16	20	52500	0	0	0	0	0	0	0	0	0	0
#	12	32	25	52500	ZBSX01	80	ZBSX02	10	0	0	0	0	0	0
#	13	1	10	40000	0	0	0	0	0	0	0	0	0	0
#	13	2	15	40000	0	0	0	0	0	0	0	0	0	0
#	13	4	20	40000	ZBSX01	80	ZBSX02	10	0	0	0	0	0	0
#	13	8	15	60000	0	0	0	0	0	0	0	0	0	0
#	13	16	20	60000	0	0	0	0	0	0	0	0	0	0
#	13	32	25	60000	ZBSX01	80	ZBSX02	10	0	0	0	0	0	0
#	14	1	10	45000	0	0	0	0	0	0	0	0	0	0
#	14	2	15	45000	0	0	0	0	0	0	0	0	0	0
#	14	4	20	45000	ZBSX01	80	ZBSX02	10	0	0	0	0	0	0
#	14	8	15	67500	0	0	0	0	0	0	0	0	0	0
#	14	16	20	67500	0	0	0	0	0	0	0	0	0	0
#	14	32	25	67500	ZBSX01	80	ZBSX02	10	0	0	0	0	0	0
#	15	1	10	50000	0	0	0	0	0	0	0	0	0	0
#	15	2	15	50000	0	0	0	0	0	0	0	0	0	0
#	15	4	20	50000	ZBSX01	80	ZBSX02	10	0	0	0	0	0	0
#	15	8	15	75000	0	0	0	0	0	0	0	0	0	0
#	15	16	20	75000	0	0	0	0	0	0	0	0	0	0
#	15	32	25	75000	ZBSX01	80	ZBSX02	10	0	0	0	0	0	0
#	16	1	10	55000	0	0	0	0	0	0	0	0	0	0
#	16	2	15	55000	0	0	0	0	0	0	0	0	0	0
#	16	4	20	55000	ZBSX01	80	ZBSX02	10	0	0	0	0	0	0
#	16	8	15	82500	0	0	0	0	0	0	0	0	0	0
#	16	16	20	82500	0	0	0	0	0	0	0	0	0	0
#	16	32	25	82500	ZBSX01	80	ZBSX02	10	0	0	0	0	0	0
#	17	1	10	60000	0	0	0	0	0	0	0	0	0	0
#	17	2	15	60000	0	0	0	0	0	0	0	0	0	0
#	17	4	20	60000	ZBSX01	80	ZBSX02	10	0	0	0	0	0	0
#	17	8	15	90000	0	0	0	0	0	0	0	0	0	0
#	17	16	20	90000	0	0	0	0	0	0	0	0	0	0
#	17	32	25	90000	ZBSX01	80	ZBSX02	10	0	0	0	0	0	0
#	18	1	10	65000	0	0	0	0	0	0	0	0	0	0
#	18	2	15	65000	0	0	0	0	0	0	0	0	0	0
#	18	4	20	65000	ZBSX01	80	ZBSX02	10	0	0	0	0	0	0
#	18	8	15	97500	0	0	0	0	0	0	0	0	0	0
#	18	16	20	97500	0	0	0	0	0	0	0	0	0	0
#	18	32	25	97500	ZBSX01	80	ZBSX02	10	0	0	0	0	0	0
#	19	1	10	70000	0	0	0	0	0	0	0	0	0	0
#	19	2	15	70000	0	0	0	0	0	0	0	0	0	0
#	19	4	20	70000	ZBSX01	80	ZBSX02	10	0	0	0	0	0	0
#	19	8	15	105000	0	0	0	0	0	0	0	0	0	0
#	19	16	20	105000	0	0	0	0	0	0	0	0	0	0
#	19	32	25	105000	ZBSX01	80	ZBSX02	10	0	0	0	0	0	0
#	20	1	10	75000	0	0	0	0	0	0	0	0	0	0
#	20	2	15	75000	0	0	0	0	0	0	0	0	0	0
#	20	4	20	75000	ZBSX01	80	ZBSX02	10	0	0	0	0	0	0
#	20	8	15	112500	0	0	0	0	0	0	0	0	0	0
#	20	16	20	112500	0	0	0	0	0	0	0	0	0	0
#	20	32	25	112500	ZBSX01	80	ZBSX02	10	0	0	0	0	0	0
#	21	1	10	80000	0	0	0	0	0	0	0	0	0	0
#	21	2	15	80000	0	0	0	0	0	0	0	0	0	0
#	21	4	20	80000	ZBSX01	80	ZBSX02	10	0	0	0	0	0	0
#	21	8	15	120000	0	0	0	0	0	0	0	0	0	0
#	21	16	20	120000	0	0	0	0	0	0	0	0	0	0
#	21	32	25	120000	ZBSX01	80	ZBSX02	10	0	0	0	0	0	0
#	22	1	10	85000	0	0	0	0	0	0	0	0	0	0
#	22	2	15	85000	0	0	0	0	0	0	0	0	0	0
#	22	4	20	85000	ZBSX01	80	ZBSX02	10	0	0	0	0	0	0
#	22	8	15	127500	0	0	0	0	0	0	0	0	0	0
#	22	16	20	127500	0	0	0	0	0	0	0	0	0	0
#	22	32	25	127500	ZBSX01	80	ZBSX02	10	0	0	0	0	0	0
#	23	1	10	90000	ZBSP46	1	JLBS01	8	0	0	0	0	0	0
#	23	2	15	90000	ZBSP46	1	JLBS01	8	0	0	0	0	0	0
#	23	4	20	90000	ZBSP46	3	JLBS01	12	0	0	0	0	0	0
#	23	8	15	135000	ZBSP46	2	JLBS02	8	0	0	0	0	0	0
#	23	16	20	135000	ZBSP46	2	JLBS02	8	0	0	0	0	0	0
#	23	32	25	135000	ZBSP46	4	JLBS02	12	0	0	0	0	0	0
#	24	1	10	95000	ZBSP46	1	JLBS01	8	0	0	0	0	0	0
#	24	2	15	95000	ZBSP46	1	JLBS01	8	0	0	0	0	0	0
#	24	4	20	95000	ZBSP46	3	JLBS01	12	0	0	0	0	0	0
#	24	8	15	142500	ZBSP46	2	JLBS02	8	0	0	0	0	0	0
#	24	16	20	142500	ZBSP46	2	JLBS02	8	0	0	0	0	0	0
#	24	32	25	142500	ZBSP46	4	JLBS02	12	0	0	0	0	0	0
#	25	1	10	100000	ZBSP46	1	JLBS01	8	0	0	0	0	0	0
#	25	2	15	100000	ZBSP46	1	JLBS01	8	0	0	0	0	0	0
#	25	4	20	100000	ZBSP46	3	JLBS01	12	0	0	0	0	0	0
#	25	8	15	150000	ZBSP46	2	JLBS02	8	0	0	0	0	0	0
#	25	16	20	150000	ZBSP46	2	JLBS02	8	0	0	0	0	0	0
#	25	32	25	150000	ZBSP46	4	JLBS02	12	0	0	0	0	0	0
#	26	1	10	105000	ZBSP46	1	JLBS01	8	0	0	0	0	0	0
#	26	2	15	105000	ZBSP46	1	JLBS01	8	0	0	0	0	0	0
#	26	4	20	105000	ZBSP46	3	JLBS01	12	0	0	0	0	0	0
#	26	8	15	157500	ZBSP46	2	JLBS02	8	0	0	0	0	0	0
#	26	16	20	157500	ZBSP46	2	JLBS02	8	0	0	0	0	0	0
#	26	32	25	157500	ZBSP46	4	JLBS02	12	0	0	0	0	0	0
#	27	1	10	110000	ZBSP46	1	JLBS01	8	0	0	0	0	0	0
#	27	2	15	110000	ZBSP46	1	JLBS01	8	0	0	0	0	0	0
#	27	4	20	110000	ZBSP46	3	JLBS01	12	0	0	0	0	0	0
#	27	8	15	165000	ZBSP46	2	JLBS02	8	0	0	0	0	0	0
#	27	16	20	165000	ZBSP46	2	JLBS02	8	0	0	0	0	0	0
#	27	32	25	165000	ZBSP46	4	JLBS02	12	0	0	0	0	0	0
#	28	1	10	115000	ZBSP46	1	JLBS01	8	0	0	0	0	0	0
#	28	2	15	115000	ZBSP46	1	JLBS01	8	0	0	0	0	0	0
#	28	4	20	115000	ZBSP46	3	JLBS01	12	0	0	0	0	0	0
#	28	8	15	172500	ZBSP46	2	JLBS02	8	0	0	0	0	0	0
#	28	16	20	172500	ZBSP46	2	JLBS02	8	0	0	0	0	0	0
#	28	32	25	172500	ZBSP46	4	JLBS02	12	0	0	0	0	0	0
