


















说明:无用的项目请全部填0
装备类型:1,武器;2，配件;3,饰品;4，翅膀;5,勋章;
品质:1,白;2，绿；3，蓝；4，紫；5，金
装备职业类型:1,单手武器;2,双手武器;3,重型武器;4,轻型武器;5,实体盾牌;6,轻型护甲;7,离子护盾;8,防护水晶
淬炼部件属性：1攻击，2物防，3法防，4血，5双防
淬炼星级被动技：3_11011  淬炼星级_被动技能ID
输出符	原始名	显示名	描述	图标ID_图集	图标ID_子图	品质	金币价格	兄弟币底价	装备类型	装备职业类型	配缘角色index	配缘效果ID	攻击基础值	攻击基础成长值	物防基础值	物防基础成长值	法防基础值	法防基础成长值	生命基础值	生命值基础成长值	是否不显示在装备查找中	翅膀预制件名字	装备被动	装备被动图集	装备被动图标	淬炼部件1属性	淬炼部件2属性	淬炼部件3属性	淬炼部件4属性	淬炼星级被动技	淬炼图集	淬炼图标	
#	EQ0012	优质单手武器	标准意义上的剑，锋利、坚固而且廉价。	WuPinTuBiao	EQ011	2	300	15	1	1	0	0	10.8	2.88	0	0	0	0	75.24	20.064	0	0	0	0	0	0	0	0	0	0	0	0	|...|
#	EQ0013	优质双手武器	如果对力量有自信的话，这把斧子会是你的绝佳伙伴。	WuPinTuBiao	EQ021	2	300	15	1	2	0	0	10.8	2.88	0	0	0	0	75.24	20.064	0	0	0	0	0	0	0	0	0	0	0	0	|...|
#	EQ0014	优质重型武器	老式猎枪的改良型，增加了精准度和穿透力。	WuPinTuBiao	EQ041	2	300	15	1	3	0	0	10.8	2.88	0	0	0	0	75.24	20.064	0	0	0	0	0	0	0	0	0	0	0	0	|...|
#	EQ0015	优质轻型武器	扣动扳机时不要太快，谁知道它会不会卡壳？	WuPinTuBiao	EQ031	2	300	15	1	4	0	0	10.8	2.88	0	0	0	0	75.24	20.064	0	0	0	0	0	0	0	0	0	0	0	0	|...|
#	EQ0016	优质实体盾牌	木板套上铁皮，虽然不可靠，可总比锅盖强吧！	WuPinTuBiao	EQ051	2	300	15	2	5	0	0	0	0	4.32	1.152	2.88	0.768	112.86	30.096	0	0	0	0	0	0	0	0	0	0	0	0	|...|
#	EQ0017	优质轻型护甲	不说谁知道，这其实就是废弃的宇航服~！	WuPinTuBiao	EQ061	2	300	15	2	6	0	0	0	0	3.6	0.96	3.6	0.96	112.86	30.096	0	0	0	0	0	0	0	0	0	0	0	0	|...|
#	EQ0018	优质离子护盾	这个轻便的小东西，可以放进内衣里当护心镜用。	WuPinTuBiao	EQ071	2	300	15	2	7	0	0	0	0	3.6	0.96	3.6	0.96	112.86	30.096	0	0	0	0	0	0	0	0	0	0	0	0	|...|
#	EQ0019	优质防护水晶	只要注入魔力，就能产生魔法隔绝力场的优质水晶。	WuPinTuBiao	EQ081	2	300	15	2	8	0	0	0	0	2.88	0.768	4.32	1.152	112.86	30.096	0	0	0	0	0	0	0	0	0	0	0	0	|...|
#	EQ0020	优质饰品	手环？错了，其实这是个脚环。	WuPinTuBiao	EQ091	2	300	15	3	0	0	0	5.4	1.44	0	0	0	0	376.2	100.32	0	0	0	0	0	0	0	0	0	0	0	0	|...|
#	EQ0021	优质翅膀	说是优质，只能说是没有更差的了吧。	WuPinTuBiao	EQ174	2	300	15	4	0	0	0	0	0	3.6	0.96	0	0	188.1	50.16	1	0	0	0	0	0	0	0	0	0	0	0	|...|
#	EQ0022	优质勋章	上层人士才可以佩戴的勋章，带在胸前可以达到炫耀的效果。	WuPinTuBiao	EQ101	2	300	15	5	0	0	0	5.4	1.44	0	0	3.6	0.96	0	0	1	0	0	0	0	0	0	0	0	0	0	0	|...|
#	EQ0023	稀有单手武器	反复锻打过的上乘单手剑，属于管制器具，很难弄到！	WuPinTuBiao	EQ013	3	12500	650	1	1	0	0	21.6	5.76	0	0	0	0	150.48	40.128	0	0	0	0	0	0	0	0	0	0	0	0	|...|
#	EQ0024	稀有双手武器	这东西拿在手里，威慑力远大于杀伤力！	WuPinTuBiao	EQ023	3	12500	650	1	2	0	0	21.6	5.76	0	0	0	0	150.48	40.128	0	0	0	0	0	0	0	0	0	0	0	0	|...|
#	EQ0025	稀有重型武器	精英枪手才玩得转这支没有准镜的来福枪。	WuPinTuBiao	EQ043	3	12500	650	1	3	0	0	21.6	5.76	0	0	0	0	150.48	40.128	0	0	0	0	0	0	0	0	0	0	0	0	|...|
#	EQ0026	稀有轻型武器	发射激光的先进手枪，记得随身携带充能器。	WuPinTuBiao	EQ033	3	12500	650	1	4	0	0	21.6	5.76	0	0	0	0	150.48	40.128	0	0	0	0	0	0	0	0	0	0	0	0	|...|
#	EQ0027	稀有实体盾牌	纯钢打造，本来是打算当做井盖的，可是被人偷走当做了盾牌。	WuPinTuBiao	EQ053	3	12500	650	2	5	0	0	0	0	8.64	2.304	5.76	1.536	225.72	60.192	0	0	0	0	0	0	0	0	0	0	0	0	|...|
#	EQ0028	稀有轻型护甲	为了好看而忽视了防护作用，发行商不得已追加了前部装甲。	WuPinTuBiao	EQ063	3	12500	650	2	6	0	0	0	0	7.2	1.92	7.2	1.92	225.72	60.192	0	0	0	0	0	0	0	0	0	0	0	0	|...|
#	EQ0029	稀有离子护盾	比上一代产品更加明确了定位，这次是要拿在手上当小盾牌用了。	WuPinTuBiao	EQ073	3	12500	650	2	7	0	0	0	0	7.2	1.92	7.2	1.92	225.72	60.192	0	0	0	0	0	0	0	0	0	0	0	0	|...|
#	EQ0030	稀有防护水晶	选取上乘水晶，裹上防滑的装饰，这下不怕丢法术的时候脱手把水晶也甩出去了。	WuPinTuBiao	EQ083	3	12500	650	2	8	0	0	0	0	5.76	1.536	8.64	2.304	225.72	60.192	0	0	0	0	0	0	0	0	0	0	0	0	|...|
#	EQ0031	稀有饰品	纯金的护腕！华丽程度分分钟秒杀各种表！	WuPinTuBiao	EQ093	3	12500	650	3	0	0	0	10.8	2.88	0	0	0	0	752.4	200.64	0	0	0	0	0	0	0	0	0	0	0	0	|...|
#	EQ0032	稀有翅膀	这一对儿绝对比上一对儿质量好！真的！别看它们长得一模一样。	WuPinTuBiao	EQ174	3	12500	650	4	0	0	0	0	0	7.2	1.92	0	0	376.2	100.32	1	0	0	0	0	0	0	0	0	0	0	0	|...|
#	EQ0033	稀有勋章	加持了深夜中也可以自动发光的魔法，勋章自此变得更实用了！	WuPinTuBiao	EQ103	3	12500	650	5	0	0	0	10.8	2.88	0	0	7.2	1.92	0	0	1	0	0	0	0	0	0	0	0	0	0	0	|...|
#	EQ0034	史诗单手武器	宝气横空一剑长，何惧路险恶人强！	WuPinTuBiao	EQ014	4	42500	2150	1	1	0	0	36	9.6	0	0	0	0	250.8	66.88	0	0	0	0	0	1	4	1	4	0	WuPinTuBiao_linshi2	EQ015	|...|
#	EQ0035	史诗双手武器	昼饮美酒夜微醺，持斧勇绝冠三军！	WuPinTuBiao	EQ024	4	42500	2150	1	2	0	0	36	9.6	0	0	0	0	250.8	66.88	0	0	0	0	0	1	4	1	4	0	WuPinTuBiao_linshi2	EQ025	|...|
#	EQ0036	史诗重型武器	装备上它，任何人都可以八百里开外，一枪干掉敌人的机枪手！	WuPinTuBiao	EQ044	4	42500	2150	1	3	0	0	36	9.6	0	0	0	0	250.8	66.88	0	0	0	0	0	1	4	1	4	0	WuPinTuBiao_linshi2	EQ045	|...|
#	EQ0037	史诗轻型武器	号称一千年以后，仍可活跃于战场上的完美枪械！	WuPinTuBiao	EQ034	4	42500	2150	1	4	0	0	36	9.6	0	0	0	0	250.8	66.88	0	0	0	0	0	1	4	1	4	0	WuPinTuBiao_linshi2	EQ035	|...|
#	EQ0038	史诗实体盾牌	盾牌上铭刻着这样一段话：“不会畏惧，我来守护被珍视的一切！”	WuPinTuBiao	EQ054	4	42500	2150	2	5	0	0	0	0	14.4	3.84	9.6	2.56	376.2	100.32	0	0	0	0	0	5	4	5	4	0	WuPinTuBiao_linshi2	EQ055	|...|
#	EQ0039	史诗轻型护甲	防弹、防刃，甚至可以让你不会做饭的女友穿着进厨房！	WuPinTuBiao	EQ064	4	42500	2150	2	6	0	0	0	0	12	3.2	12	3.2	376.2	100.32	0	0	0	0	0	5	4	5	4	0	WuPinTuBiao_linshi2	EQ065	|...|
#	EQ0040	史诗离子护盾	即使离子护盾的实弹防护性能令人怀疑，不过，它真的很炫！	WuPinTuBiao	EQ074	4	42500	2150	2	7	0	0	0	0	12	3.2	12	3.2	376.2	100.32	0	0	0	0	0	5	4	5	4	0	WuPinTuBiao_linshi2	EQ075	|...|
#	EQ0041	史诗防护水晶	强大的魔法师可以通过激活这枚传奇的水晶，达到水火不侵的效果！	WuPinTuBiao	EQ084	4	42500	2150	2	8	0	0	0	0	9.6	2.56	14.4	3.84	376.2	100.32	0	0	0	0	0	5	4	5	4	0	WuPinTuBiao_linshi2	EQ085	|...|
#	EQ0042	史诗饰品	为什么是史诗？因为它贵！贵！！贵！！！【因为重要所以要说三次】	WuPinTuBiao	EQ094	4	42500	2150	3	0	0	0	18	4.8	0	0	0	0	1254	334.4	0	0	0	0	0	1	4	1	4	0	WuPinTuBiao_linshi2	EQ095	|...|
#	EQ0043	精灵之翅 	任何佩戴它的人，都可以拥有精灵一族特有的华丽翅膀！【佩戴后可改变形象】	WuPinTuBiao	EQ174	4	42500	2150	4	0	0	0	0	0	12	3.2	0	0	627	167.2	0	CB_06	0	0	0	2	4	2	4	0	WuPinTuBiao_linshi2	EQ0043	|...|
#	EQ0044	史诗勋章	唯有对全人类有巨大贡献的人，才有资格获得这枚勋章！	WuPinTuBiao	EQ104	4	42500	2150	5	0	0	0	18	4.8	0	0	12	3.2	0	0	0	0	0	0	0	1	3	1	3	0	WuPinTuBiao_linshi2	EQ105	|...|
#	EQ0075	天使之翼	佩戴后散发的圣洁光芒，最能吸引少女们的目光！【佩戴后可改变形象】	WuPinTuBiao	EQ125	4	42500	2150	4	0	0	0	0	0	12	3.2	0	0	627	167.2	0	CB_02	0	0	0	2	4	2	4	0	WuPinTuBiao_linshi2	EQ0075	|...|
#	EQ0076	传说恶魔之翼	掌控恶魔的力量，或者…被恶魔吞噬！救世或灭世，皆在一念之间。【佩戴后可改变形象】	WuPinTuBiao	EQ135	5	1	1	4	0	0	0	0	0	15	4	0	0	783.75	209	0	CB_03	500204	WuPinTuBiao_linshi2	xixue	2	4	2	4	0	WuPinTuBiao_linshi2	EQ0076	|...|
#	EQ0077	黑白之翼	黑与白的交融，光与暗的结合，正义与邪恶的碰撞，神圣与黑暗的共存！【佩戴后可改变形象】	WuPinTuBiao	EQ165	4	42500	2150	4	0	0	0	0	0	12	3.2	0	0	627	167.2	0	CB_01	0	0	0	2	4	2	4	0	WuPinTuBiao_linshi2	EQ0077	|...|
#	EQ0078	蝴蝶双翼	我在花丛中飞舞，只为寻觅你驻足的那朵【佩戴后可改变形象】	WuPinTuBiao	EQ145	4	42500	2150	4	0	0	0	0	0	12	3.2	0	0	627	167.2	0	CB_04	0	0	0	2	4	2	4	0	WuPinTuBiao_linshi2	EQ0078	|...|
#	EQ0079	钢铁之翼	虽然特别炫酷，但是确实理解不能它是怎么让人飞起来的【佩戴后可改变形象】	WuPinTuBiao	EQ155	4	42500	2150	4	0	0	0	0	0	12	3.2	0	0	627	167.2	0	CB_05	0	0	0	2	4	2	4	0	WuPinTuBiao_linshi2	EQ0079	|...|
#	EQ0080	炎阳单手武器	凝聚太阳之火，在火光乍现中，斩杀所有敌人！	WuPinTuBiao2	EQ0155	5	1	1	1	1	0	0	45	12	0	0	0	0	313.5	83.6	0	0	0	0	0	1	4	1	4	0	WuPinTuBiao_linshi2	EQ015	|...|
#	EQ0081	炎阳双手武器	利用最坚硬的金属，在真阳之火中锻造，拥有无穷无尽的破坏力！	WuPinTuBiao2	EQ0255	5	1	1	1	2	0	0	45	12	0	0	0	0	313.5	83.6	0	0	0	0	0	1	4	1	4	0	WuPinTuBiao_linshi2	EQ025	|...|
#	EQ0082	炎阳重型武器	每一发子弹造成的伤口都可以轻易的灼烧，很难治愈并带来更多的痛苦！	WuPinTuBiao2	EQ0455	5	1	1	1	3	0	0	45	12	0	0	0	0	313.5	83.6	0	0	0	0	0	1	4	1	4	0	WuPinTuBiao_linshi2	EQ045	|...|
#	EQ0083	炎阳轻型武器	每一发子弹造成的伤口都可以轻易的灼烧，很难治愈并带来更多的痛苦！	WuPinTuBiao2	EQ0355	5	1	1	1	4	0	0	45	12	0	0	0	0	313.5	83.6	0	0	0	0	0	1	4	1	4	0	WuPinTuBiao_linshi2	EQ035	|...|
#	EQ0084	炎阳实体盾牌	散发着灼热的气息，配合【蒙眼盾法】，会让对手有【脸被扣进火盆里】的错觉！	WuPinTuBiao2	EQ0555	5	1	1	2	5	0	0	0	0	18	4.8	12	3.2	470.25	125.4	0	0	0	0	0	5	4	5	4	0	WuPinTuBiao_linshi2	EQ055	|...|
#	EQ0085	炎阳轻型护甲	当人被炽热包围，就会躁动！会变得富有攻击性！好吧我们抛开这个不谈，这么棒的保暖衣，不来一件吗？	WuPinTuBiao2	EQ0655	5	1	1	2	6	0	0	0	0	15	4	15	4	470.25	125.4	0	0	0	0	0	5	4	5	4	0	WuPinTuBiao_linshi2	EQ065	|...|
#	EQ0086	炎阳离子护盾	终于！终于可以让飘落下来的雪花在半空中的护盾上融化，而不必等它们湿哒哒的融化在身上了！	WuPinTuBiao2	EQ0755	5	1	1	2	7	0	0	0	0	15	4	15	4	470.25	125.4	0	0	0	0	0	5	4	5	4	0	WuPinTuBiao_linshi2	EQ075	|...|
#	EQ0087	炎阳防护水晶	从功能上看，这就是个奢华无比的、自带魔法抗性的暖宝宝，我没啥可说的了~	WuPinTuBiao2	EQ0855	5	1	1	2	8	0	0	0	0	12	3.2	18	4.8	470.25	125.4	0	0	0	0	0	5	4	5	4	0	WuPinTuBiao_linshi2	EQ085	|...|
#	EQ0088	炎阳饰品	整个套装中最核心的部分来了！就是它！因为它，可！以！震！动！	WuPinTuBiao2	EQ0955	5	1	1	3	0	0	0	22.5	6	0	0	0	0	1567.5	418	0	0	0	0	0	1	4	1	4	0	WuPinTuBiao_linshi2	EQ095	|...|
#	EQ0089	霜魂单手武器	使用极北之地采集的万年不变的坚冰淬火而成的兵刃，内蕴的寒气，让人关节发涩。	WuPinTuBiao2	EQ0165	5	1	1	1	1	0	0	45	12	0	0	0	0	313.5	83.6	0	0	0	0	0	1	4	1	4	0	WuPinTuBiao_linshi2	EQ015	|...|
#	EQ0090	霜魂双手武器	使用极北之地采集的万年不变的坚冰淬火而成的兵刃，内蕴的寒气，让人关节发涩。	WuPinTuBiao2	EQ0265	5	1	1	1	2	0	0	45	12	0	0	0	0	313.5	83.6	0	0	0	0	0	1	4	1	4	0	WuPinTuBiao_linshi2	EQ025	|...|
#	EQ0091	霜魂重型武器	明明是一把枪，经过寒冰的洗练，却让人感觉到坚不可摧！	WuPinTuBiao2	EQ0465	5	1	1	1	3	0	0	45	12	0	0	0	0	313.5	83.6	0	0	0	0	0	1	4	1	4	0	WuPinTuBiao_linshi2	EQ045	|...|
#	EQ0092	霜魂轻型武器	明明是一把枪，经过寒冰的洗练，却让人感觉到坚不可摧！	WuPinTuBiao2	EQ0365	5	1	1	1	4	0	0	45	12	0	0	0	0	313.5	83.6	0	0	0	0	0	1	4	1	4	0	WuPinTuBiao_linshi2	EQ035	|...|
#	EQ0093	霜魂实体盾牌	这东西简直就是一块冰！但是，谁也没见过这种刀砍上去都不留痕迹的坚冰！	WuPinTuBiao2	EQ0565	5	1	1	2	5	0	0	0	0	18	4.8	12	3.2	470.25	125.4	0	0	0	0	0	5	4	5	4	0	WuPinTuBiao_linshi2	EQ055	|...|
#	EQ0094	霜魂轻型护甲	只有肾火旺盛的人才能套在身上，还感觉很凉快很爽的样子。	WuPinTuBiao2	EQ0665	5	1	1	2	6	0	0	0	0	15	4	15	4	470.25	125.4	0	0	0	0	0	5	4	5	4	0	WuPinTuBiao_linshi2	EQ065	|...|
#	EQ0095	霜魂离子护盾	淡蓝色看起来是很好看的，激活这个护盾，就感觉是被泡泡包裹了起来一样。	WuPinTuBiao2	EQ0765	5	1	1	2	7	0	0	0	0	15	4	15	4	470.25	125.4	0	0	0	0	0	5	4	5	4	0	WuPinTuBiao_linshi2	EQ075	|...|
#	EQ0096	霜魂防护水晶	只要在牛奶里一丢，再加一些人造脂肪，稍加搅拌，味道还不错的冰激凌就可以食用了。	WuPinTuBiao2	EQ0865	5	1	1	2	8	0	0	0	0	12	3.2	18	4.8	470.25	125.4	0	0	0	0	0	5	4	5	4	0	WuPinTuBiao_linshi2	EQ085	|...|
#	EQ0097	霜魂饰品	戴上它，让你永远没有火气。	WuPinTuBiao2	EQ0965	5	1	1	3	0	0	0	22.5	6	0	0	0	0	1567.5	418	0	0	0	0	0	1	4	1	4	0	WuPinTuBiao_linshi2	EQ095	|...|
#	EQ0098	传说精灵之翅 	任何佩戴它的人，都可以拥有精灵一族特有的华丽翅膀！【佩戴后可改变形象】	WuPinTuBiao2	EQ1765	5	1	1	4	0	0	0	0	0	15	4	0	0	783.75	209	0	CB_06	500208	WuPinTuBiao_linshi2	jisu	2	4	2	4	0	WuPinTuBiao_linshi2	EQ0043	|...|
#	EQ0099	霜炎勋章	唯有对全人类有巨大贡献的人，才有资格获得这枚勋章！	WuPinTuBiao2	EQ1055	5	1	1	5	0	0	0	22.5	6	0	0	15	4	0	0	0	0	0	0	0	1	3	1	3	0	WuPinTuBiao_linshi2	EQ105	|...|
#	EQ0100	传说天使之翼	佩戴后散发的圣洁光芒，最能吸引少女们的目光！【佩戴后可改变形象】	WuPinTuBiao2	EQ1265	5	1	1	4	0	0	0	0	0	15	4	0	0	783.75	209	0	CB_02	500205	WuPinTuBiao_linshi2	smhuifu	2	4	2	4	0	WuPinTuBiao_linshi2	EQ0075	|...|
#	EQ0101	传说黑白之翼	黑与白的交融，光与暗的结合，正义与邪恶的碰撞，神圣与黑暗的共存！【佩戴后可改变形象】	WuPinTuBiao2	EQ1665	5	1	1	4	0	0	0	0	0	15	4	0	0	783.75	209	0	CB_01	500207	WuPinTuBiao_linshi2	xianji	2	4	2	4	0	WuPinTuBiao_linshi2	EQ0077	|...|
#	EQ0102	传说蝴蝶双翼	我在花丛中飞舞，只为寻觅你驻足的那朵【佩戴后可改变形象】	WuPinTuBiao2	EQ1465	5	1	1	4	0	0	0	0	0	15	4	0	0	783.75	209	0	CB_04	500209	WuPinTuBiao_linshi2	baonu	2	4	2	4	0	WuPinTuBiao_linshi2	EQ0078	|...|
#	EQ0103	传说钢铁之翼	虽然特别炫酷，但是确实理解不能它是怎么让人飞起来的【佩戴后可改变形象】	WuPinTuBiao2	EQ1565	5	1	1	4	0	0	0	0	0	15	4	0	0	783.75	209	0	CB_05	500206	WuPinTuBiao_linshi2	jiyun	2	4	2	4	0	WuPinTuBiao_linshi2	EQ0079	|...|
