	说明:1,不需要的使用"0"占位;2,#代表装备拆解，*代表碎片拆解														
															
															
	品质	[品质备注]	星级	金币	万能碎片	物品_1_原始名	物品_1_数量	物品_2_原始名	物品_2_数量	物品_3_原始名	物品_3_数量	物品_4_原始名	物品_4_数量	物品_5_原始名	物品_5_数量
#	2	绿	0	0	30	0	0	0	0	0	0	0	0	0	0
#	3	蓝	0	0	1200	0	0	0	0	0	0	0	0	0	0
#	4	紫	0	0	3750	0	0	0	0	0	0	0	0	0	0
#	5	金	0	0	11250	0	0	0	0	0	0	0	0	0	0
															
															
															
	品质	[品质备注]	金币	万能碎片	物品_1_原始名	物品_1_数量	物品_2_原始名	物品_2_数量	物品_3_原始名	物品_3_数量	物品_4_原始名	物品_4_数量	物品_5_原始名	物品_5_数量	
*	1	白	0	0	0	0	0	0	0	0	0	0	0	0	
*	2	绿	0	0	0	0	0	0	0	0	0	0	0	0	
*	3	蓝	0	24	0	0	0	0	0	0	0	0	0	0	
*	4	紫	0	30	0	0	0	0	0	0	0	0	0	0	
*	5	金	0	50	0	0	0	0	0	0	0	0	0	0	
