装备品质（沿用现在的道具品质，紫装为4，橙装为5，红装为6）																		
属性类型（攻击为1，物防为2，魔防为3，双防为4，生命为5）																		
飞跃属性提升（属性ID_属性类型ID_数值；属性类型ID：1为装备基础成长值提升系数，2为具体点数）																		
/////////////////////////////////////////////////																		
	装备类型	提升属性1	提升属性2															
#	1	1	5															
#	2	5	4															
#	3	1	5															
#	4	5	2															
#	5	1	3															
#	JingLianAttrEnd																	
淬炼消耗	淬炼等级	装备品质	经验值	武器飞跃属性提升	防具飞跃属性提升	饰品飞跃属性提升	翅膀飞跃属性提升	勋章飞跃属性提升	等级限制	金币消耗	材料1原始名	材料1数量	材料2原始名	材料2数量	材料3原始名	材料3数量	材料4原始名	材料4数量
#	1	4	40	1_1_17.28	5_1_17.28	1_1_17.28	5_1_17.28	1_1_17.28	10	10000 	JLFY01	10 	0	0 	0	0 	0	0
#	2	4	110	5_1_17.28	4_1_17.28	5_1_17.28	2_1_17.28	3_1_17.28	10	20000 	JLFY01	20 	0	0 	0	0 	0	0
#	3	4	300	1_1_28.8|5_1_28.8	5_1_28.8|4_1_28.8	1_1_28.8|5_1_28.8	5_1_28.8|2_1_28.8	1_1_28.8|3_1_28.8	10	50000 	JLFY01	30 	0	0 	0	0 	0	0
#	4	4	680	1_1_34.56	5_1_34.56	1_1_34.56	5_1_34.56	1_1_34.56	10	100000 	JLFY01	50 	JLFY02	5 	0	0 	0	0
#	5	4	1100	5_1_34.56	4_1_34.56	5_1_34.56	2_1_34.56	3_1_34.56	10	200000 	JLFY01	100 	JLFY02	10 	0	0 	0	0
#	6	4	2550	1_1_34.56|5_1_34.56	5_1_34.56|4_1_34.56	1_1_34.56|5_1_34.56	5_1_34.56|2_1_34.56	1_1_34.56|3_1_34.56	10	500000 	JLFY01	150 	JLFY02	20 	0	0 	0	0
#	7	4	3840	1_1_43.2	5_1_43.2	1_1_43.2	5_1_43.2	1_1_43.2	10	1000000 	JLFY01	200 	JLFY02	30 	JLFY03	5 	0	0
#	8	4	5280	5_1_43.2	4_1_43.2	5_1_43.2	2_1_43.2	3_1_43.2	10	1500000 	JLFY01	250 	JLFY02	50 	JLFY03	10 	0	0
#	9	4	7140	1_1_43.2|5_1_43.2	5_1_43.2|4_1_43.2	1_1_43.2|5_1_43.2	5_1_43.2|2_1_43.2	1_1_43.2|3_1_43.2	10	2000000 	JLFY01	300 	JLFY02	100 	JLFY03	20 	0	0
#	10	4	11060	1_1_86.4|5_1_86.4	5_1_86.4|4_1_86.4	1_1_86.4|5_1_86.4	5_1_86.4|2_1_86.4	1_1_86.4|3_1_86.4	10	2500000 	JLFY01	350 	JLFY02	150 	JLFY03	30 	0	0
#	1	5	40	1_1_17.28	5_1_17.28	1_1_17.28	5_1_17.28	1_1_17.28	10	20000	JLFY01	20	0	0	0	0 	0	0
#	2	5	140	5_1_17.28	4_1_17.28	5_1_17.28	2_1_17.28	3_1_17.28	10	40000	JLFY01	40	0	0	0	0 	0	0
#	3	5	480	1_1_28.8|5_1_28.8	5_1_28.8|4_1_28.8	1_1_28.8|5_1_28.8	5_1_28.8|2_1_28.8	1_1_28.8|3_1_28.8	10	100000	JLFY01	60	0	0	0	0 	0	0
#	4	5	1200	1_1_34.56	5_1_34.56	1_1_34.56	5_1_34.56	1_1_34.56	10	200000	JLFY01	100	JLFY02	10	0	0 	0	0
#	5	5	2040	5_1_34.56	4_1_34.56	5_1_34.56	2_1_34.56	3_1_34.56	10	400000	JLFY01	200	JLFY02	20	0	0 	0	0
#	6	5	4860	1_1_34.56|5_1_34.56	5_1_34.56|4_1_34.56	1_1_34.56|5_1_34.56	5_1_34.56|2_1_34.56	1_1_34.56|3_1_34.56	10	1000000	JLFY01	300	JLFY02	40	0	0 	0	0
#	7	5	7440	1_1_43.2	5_1_43.2	1_1_43.2	5_1_43.2	1_1_43.2	10	2000000	JLFY01	400	JLFY02	60	JLFY03	10 	0	0
#	8	5	10320	5_1_43.2	4_1_43.2	5_1_43.2	2_1_43.2	3_1_43.2	10	3000000	JLFY01	500	JLFY02	100	JLFY03	20 	0	0
#	9	5	14040	1_1_43.2|5_1_43.2	5_1_43.2|4_1_43.2	1_1_43.2|5_1_43.2	5_1_43.2|2_1_43.2	1_1_43.2|3_1_43.2	10	4000000	JLFY01	600	JLFY02	200	JLFY03	40 	0	0
#	10	5	21840	1_1_86.4|5_1_86.4	5_1_86.4|4_1_86.4	1_1_86.4|5_1_86.4	5_1_86.4|2_1_86.4	1_1_86.4|3_1_86.4	10	5000000	JLFY01	700	JLFY02	300	JLFY03	60 	0	0
#	JingLianEnd																	
/////////////////////////////////////////////////																		
淬炼配置	装备品质	次数	经验值	所需淬炼等级	属性1提升比例	属性2提升比例	属性3提升比例	属性4提升比例	属性5提升比例									
#	4	1	20	0	1.92	1.92	1.92	1.92	1.92									
#	4	2	25	0	2.88	2.88	2.88	2.88	2.88									
#	4	3	30	0	2.88	2.88	2.88	2.88	2.88									
#	4	4	40	0	3.2	3.2	3.2	3.2	3.2									
#	4	5	50	0	3.2	3.2	3.2	3.2	3.2									
#	4	6	60	0	3.2	3.2	3.2	3.2	3.2									
#	4	7	70	0	3.36	3.36	3.36	3.36	3.36									
#	4	8	80	0	3.36	3.36	3.36	3.36	3.36									
#	4	9	90	0	3.36	3.36	3.36	3.36	3.36									
#	4	10	100	0	3.36	3.36	3.36	3.36	3.36									
#	4	11	115	0	3.84	3.84	3.84	3.84	3.84									
#	4	12	130	0	3.84	3.84	3.84	3.84	3.84									
#	4	13	145	0	3.84	3.84	3.84	3.84	3.84									
#	4	14	160	0	3.84	3.84	3.84	3.84	3.84									
#	4	15	175	0	3.84	3.84	3.84	3.84	3.84									
#	4	16	190	0	3.84	3.84	3.84	3.84	3.84									
#	4	17	205	0	3.84	3.84	3.84	3.84	3.84									
#	4	18	220	0	3.84	3.84	3.84	3.84	3.84									
#	4	19	235	0	3.84	3.84	3.84	3.84	3.84									
#	4	20	250	0	3.84	3.84	3.84	3.84	3.84									
#	4	21	270	0	3.84	3.84	3.84	3.84	3.84									
#	4	22	290	0	3.84	3.84	3.84	3.84	3.84									
#	4	23	310	0	3.84	3.84	3.84	3.84	3.84									
#	4	24	330	0	3.84	3.84	3.84	3.84	3.84									
#	4	25	350	0	3.84	3.84	3.84	3.84	3.84									
#	4	26	370	0	3.84	3.84	3.84	3.84	3.84									
#	4	27	390	0	4.8	4.8	4.8	4.8	4.8									
#	4	28	410	0	4.8	4.8	4.8	4.8	4.8									
#	4	29	430	0	4.8	4.8	4.8	4.8	4.8									
#	4	30	450	0	4.8	4.8	4.8	4.8	4.8									
#	4	31	470	0	4.8	4.8	4.8	4.8	4.8									
#	4	32	490	0	4.8	4.8	4.8	4.8	4.8									
#	4	33	520	0	5.12	5.12	5.12	5.12	5.12									
#	4	34	550	0	5.12	5.12	5.12	5.12	5.12									
#	4	35	580	0	5.12	5.12	5.12	5.12	5.12									
#	4	36	610	0	5.12	5.12	5.12	5.12	5.12									
#	4	37	640	0	5.12	5.12	5.12	5.12	5.12									
#	4	38	670	0	5.12	5.12	5.12	5.12	5.12									
#	4	39	700	0	5.76	5.76	5.76	5.76	5.76									
#	4	40	730	0	5.76	5.76	5.76	5.76	5.76									
#	4	41	760	0	5.76	5.76	5.76	5.76	5.76									
#	4	42	790	0	5.76	5.76	5.76	5.76	5.76									
#	4	43	820	0	5.76	5.76	5.76	5.76	5.76									
#	4	44	850	0	5.76	5.76	5.76	5.76	5.76									
#	4	45	880	0	5.76	5.76	5.76	5.76	5.76									
#	5	1	20	0	1.92	1.92	1.92	1.92	1.92									
#	5	2	30	0	2.88	2.88	2.88	2.88	2.88									
#	5	3	40	0	2.88	2.88	2.88	2.88	2.88									
#	5	4	60	0	3.2	3.2	3.2	3.2	3.2									
#	5	5	80	0	3.2	3.2	3.2	3.2	3.2									
#	5	6	100	0	3.2	3.2	3.2	3.2	3.2									
#	5	7	120	0	3.36	3.36	3.36	3.36	3.36									
#	5	8	140	0	3.36	3.36	3.36	3.36	3.36									
#	5	9	160	0	3.36	3.36	3.36	3.36	3.36									
#	5	10	180	0	3.36	3.36	3.36	3.36	3.36									
#	5	11	210	0	3.84	3.84	3.84	3.84	3.84									
#	5	12	240	0	3.84	3.84	3.84	3.84	3.84									
#	5	13	270	0	3.84	3.84	3.84	3.84	3.84									
#	5	14	300	0	3.84	3.84	3.84	3.84	3.84									
#	5	15	330	0	3.84	3.84	3.84	3.84	3.84									
#	5	16	360	0	3.84	3.84	3.84	3.84	3.84									
#	5	17	390	0	3.84	3.84	3.84	3.84	3.84									
#	5	18	420	0	3.84	3.84	3.84	3.84	3.84									
#	5	19	450	0	3.84	3.84	3.84	3.84	3.84									
#	5	20	480	0	3.84	3.84	3.84	3.84	3.84									
#	5	21	520	0	3.84	3.84	3.84	3.84	3.84									
#	5	22	560	0	3.84	3.84	3.84	3.84	3.84									
#	5	23	600	0	3.84	3.84	3.84	3.84	3.84									
#	5	24	640	0	3.84	3.84	3.84	3.84	3.84									
#	5	25	680	0	3.84	3.84	3.84	3.84	3.84									
#	5	26	720	0	3.84	3.84	3.84	3.84	3.84									
#	5	27	760	0	4.8	4.8	4.8	4.8	4.8									
#	5	28	800	0	4.8	4.8	4.8	4.8	4.8									
#	5	29	840	0	4.8	4.8	4.8	4.8	4.8									
#	5	30	880	0	4.8	4.8	4.8	4.8	4.8									
#	5	31	920	0	4.8	4.8	4.8	4.8	4.8									
#	5	32	960	0	4.8	4.8	4.8	4.8	4.8									
#	5	33	1020	0	5.12	5.12	5.12	5.12	5.12									
#	5	34	1080	0	5.12	5.12	5.12	5.12	5.12									
#	5	35	1140	0	5.12	5.12	5.12	5.12	5.12									
#	5	36	1200	0	5.12	5.12	5.12	5.12	5.12									
#	5	37	1260	0	5.12	5.12	5.12	5.12	5.12									
#	5	38	1320	0	5.12	5.12	5.12	5.12	5.12									
#	5	39	1380	0	5.76	5.76	5.76	5.76	5.76									
#	5	40	1440	0	5.76	5.76	5.76	5.76	5.76									
#	5	41	1500	0	5.76	5.76	5.76	5.76	5.76									
#	5	42	1560	0	5.76	5.76	5.76	5.76	5.76									
#	5	43	1620	0	5.76	5.76	5.76	5.76	5.76									
#	5	44	1680	0	5.76	5.76	5.76	5.76	5.76									
#	5	45	1740	0	5.76	5.76	5.76	5.76	5.76									
