	"说明:不需要的请用""0""占位"									
										
	装备原始名	合成消耗金币	材料1_原始名	材料1_数量	材料2_原始名	材料2_数量	材料3_原始名	材料3_数量	材料4_原始名	材料4_数量
#	EQ0023	10000	ZBSP1	20	0	0	0	0	0	0
#	EQ0024	10000	ZBSP2	20	0	0	0	0	0	0
#	EQ0025	10000	ZBSP3	20	0	0	0	0	0	0
#	EQ0026	10000	ZBSP4	20	0	0	0	0	0	0
#	EQ0027	10000	ZBSP5	20	0	0	0	0	0	0
#	EQ0028	10000	ZBSP6	20	0	0	0	0	0	0
#	EQ0029	10000	ZBSP7	20	0	0	0	0	0	0
#	EQ0030	10000	ZBSP8	20	0	0	0	0	0	0
#	EQ0031	10000	ZBSP9	20	0	0	0	0	0	0
#	EQ0032	10000	ZBSP10	20	0	0	0	0	0	0
#	EQ0033	10000	ZBSP11	20	0	0	0	0	0	0
#	EQ0034	50000	ZBSP12	50	0	0	0	0	0	0
#	EQ0035	50000	ZBSP13	50	0	0	0	0	0	0
#	EQ0036	50000	ZBSP14	50	0	0	0	0	0	0
#	EQ0037	50000	ZBSP15	50	0	0	0	0	0	0
#	EQ0038	50000	ZBSP16	50	0	0	0	0	0	0
#	EQ0039	50000	ZBSP17	50	0	0	0	0	0	0
#	EQ0040	50000	ZBSP18	50	0	0	0	0	0	0
#	EQ0041	50000	ZBSP19	50	0	0	0	0	0	0
#	EQ0042	50000	ZBSP20	50	0	0	0	0	0	0
#	EQ0043	50000	ZBSP21	50	0	0	0	0	0	0
#	EQ0044	50000	ZBSP22	50	0	0	0	0	0	0
#	EQ0075	50000	ZBSP25	50	0	0	0	0	0	0
#	EQ0076	150000	ZBSP23	75	0	0	0	0	0	0
#	EQ0077	50000	ZBSP24	50	0	0	0	0	0	0
#	EQ0078	50000	ZBSP26	50	0	0	0	0	0	0
#	EQ0079	50000	ZBSP27	50	0	0	0	0	0	0
#	EQ0080	150000	ZBSP28	75	0	0	0	0	0	0
#	EQ0081	150000	ZBSP29	75	0	0	0	0	0	0
#	EQ0082	150000	ZBSP30	75	0	0	0	0	0	0
#	EQ0083	150000	ZBSP31	75	0	0	0	0	0	0
#	EQ0084	150000	ZBSP32	75	0	0	0	0	0	0
#	EQ0085	150000	ZBSP33	75	0	0	0	0	0	0
#	EQ0086	150000	ZBSP34	75	0	0	0	0	0	0
#	EQ0087	150000	ZBSP35	75	0	0	0	0	0	0
#	EQ0088	150000	ZBSP36	75	0	0	0	0	0	0
#	EQ0089	150000	ZBSP37	75	0	0	0	0	0	0
#	EQ0090	150000	ZBSP38	75	0	0	0	0	0	0
#	EQ0091	150000	ZBSP39	75	0	0	0	0	0	0
#	EQ0092	150000	ZBSP40	75	0	0	0	0	0	0
#	EQ0093	150000	ZBSP41	75	0	0	0	0	0	0
#	EQ0094	150000	ZBSP42	75	0	0	0	0	0	0
#	EQ0095	150000	ZBSP43	75	0	0	0	0	0	0
#	EQ0096	150000	ZBSP44	75	0	0	0	0	0	0
#	EQ0097	150000	ZBSP45	75	0	0	0	0	0	0
#	EQ0099	150000	ZBSP46	75	0	0	0	0	0	0
#	EQ0098	150000	ZBSP47	75	0	0	0	0	0	0
#	EQ0100	150000	ZBSP48	75	0	0	0	0	0	0
#	EQ0101	150000	ZBSP49	75	0	0	0	0	0	0
#	EQ0102	150000	ZBSP50	75	0	0	0	0	0	0
#	EQ0103	150000	ZBSP51	75	0	0	0	0	0	0