基础消耗	50											
退星配置	品质	星级	钻石消耗	装备返还百分比	物品_1_原始名	返还百分比	物品_2_原始名	返还百分比	物品_3_原始名	返还百分比	物品_4_原始名	返还百分比
#	4	0	10	10000	ZBSX01	10000	0	0	0	0	0	0
#	4	1	10	10000	ZBSX01	9500	0	0	0	0	0	0
#	4	2	20	10000	ZBSX01	9500	0	0	0	0	0	0
#	4	3	50	10000	ZBSX01	9500	ZBSX02	10000	0	0	0	0
#	4	4	100	10000	ZBSX01	9500	ZBSX02	10000	0	0	0	0
#	4	5	200	10000	ZBSX01	9500	ZBSX02	10000	0	0	0	0
#	5	0	15	10000	ZBSX01	10000	0	0	0	0	0	0
#	5	1	15	10000	ZBSX01	9500	0	0	0	0	0	0
#	5	2	30	10000	ZBSX01	9500	0	0	0	0	0	0
#	5	3	75	10000	ZBSX01	9500	ZBSX02	10000	0	0	0	0
#	5	4	150	10000	ZBSX01	9500	ZBSX02	10000	0	0	0	0
#	5	5	300	10000	ZBSX01	9500	ZBSX02	10000	0	0	0	0
#	ResetStarEnd											
												
												
@	大精炼道具	JLBS04	返还百分比	9500								
退还淬炼配置	品质	淬炼等级	钻石消耗	装备返还百分比	物品_1_原始名	返还百分比	物品_2_原始名	返还百分比	物品_3_原始名	返还百分比	物品_4_原始名	返还百分比
#	4	0	10	0	0	0	0	0	0	0	0	0
#	4	1	10	0	JLFY01	10000	0	0	0	0	0	0
#	4	2	20	0	JLFY01	10000	0	0	0	0	0	0
#	4	3	30	0	JLFY01	10000	0	0	0	0	0	0
#	4	4	40	0	JLFY01	10000	JLFY02	5	0	0	0	0
#	4	5	50	0	JLFY01	10000	JLFY02	10000	0	0	0	0
#	4	6	100	0	JLFY01	10000	JLFY02	10000	0	0	0	0
#	4	7	150	0	JLFY01	10000	JLFY02	10000	JLFY03	10000	0	0
#	4	8	200	0	JLFY01	10000	JLFY02	10000	JLFY03	10000	0	0
#	4	9	250	0	JLFY01	10000	JLFY02	10000	JLFY03	10000	0	0
#	4	10	300	0	JLFY01	10000	JLFY02	10000	JLFY03	10000	0	0
#	5	0	15	0	0	0	0	0	0	0	0	0
#	5	1	15	0	JLFY01	10000	0	0	0	0	0	0
#	5	2	30	0	JLFY01	10000	0	0	0	0	0	0
#	5	3	45	0	JLFY01	10000	0	0	0	0	0	0
#	5	4	60	0	JLFY01	10000	JLFY02	10000	0	0	0	0
#	5	5	75	0	JLFY01	10000	JLFY02	10000	0	0	0	0
#	5	6	150	0	JLFY01	10000	JLFY02	10000	0	0	0	0
#	5	7	225	0	JLFY01	10000	JLFY02	10000	JLFY03	10000	0	0
#	5	8	300	0	JLFY01	10000	JLFY02	10000	JLFY03	10000	0	0
#	5	9	375	0	JLFY01	10000	JLFY02	10000	JLFY03	10000	0	0
#	5	10	450	0	JLFY01	10000	JLFY02	10000	JLFY03	10000	0	0
