输出符	器魂ID	器魂名称	所属角色ID	所属角色名称	描述	合成所需物品ID	合成所需数量	攻击	破击伤害	物理防御	魔法防御	物理和魔法防御	伤害加成	伤害减免	HP增加	无视防御	普攻能量增加值	能量回复速度（后援）	治疗加成（万分率）	暴击率	连斩率	暴击伤害	爆头率	致伤率	反击率	格挡率	折射率	能量转换	魔伤减免	闪避率	受击能量增加	
#	17	圣剑	17	影精灵	断钢圣剑，也称”湖中剑“，王者真正战斗时所用的佩剑，深沉的气势无往不破！（将奥义【恶魔降世】替换为究极奥义【魔王降世】）	QH001	50	20	0	0	0	0	0	0	1085	0	0	0	0	10	0	120	0	0	0	0	0	0	0	0	0	|...|
#	18	阐释.逐暗者	18	桐人	既然上帝给了人类两只手，就应该都用来拿武器！（将奥义【断空连斩】替换为究极奥义【绝命断空斩】）	QH002	50	20	0	0	0	0	0	0	0	20	0	0	0	0	20	0	0	0	0	0	0	0	0	20	0	|...|
#	19	闪烁之光	19	亚丝娜	快速刺击导致剑尖点燃空气，这就是闪耀着光芒的快绝之剑啊！（将奥义【电光火石】替换为究极奥义【流星飞舞】）	QH003	50	20	20	0	0	0	0	10	0	0	0	0	0	0	20	0	0	0	0	0	0	0	0	0	0	|...|
	20	鬼剑士太刀	20	克莱因	剑斩肉身，心斩灵魂！用敌人性命滋养的黑炎丸让任何对手都闻风丧胆！	QH004	50	20	20	0	0	0	0	0	1085	0	0	0	0	0	20	0	0	0	0	0	0	0	0	0	0	|...|
#	21	宗师铁匠之锤	21	莉兹贝特	可以将最坚硬的金属锻打成任意形状！当然，需要配合配套的锻造台才行。（将奥义【雅蠛蝶】替换为究极奥义【SUPER雅蠛蝶】）	QH005	50	0	20	0	0	20	0	0	0	0	0.7	0	0	0	0	0	0	0	0	0	0	0	20	0	0	|...|
	23	救赎天使之刃	23	幸	天使的两柄佩剑之一，剑身附着的圣洁之力可产生保护力场，只有心地善良的人才能使用！	QH006	50	0	0	0	0	20	0	10	1085	0	0	6	0	0	0	0	0	0	0	0	0	0	0	0	0	|...|
	24	血吼之斧	24	艾基尔	斧刃破空的呼啸声，就像一声声战斗怒吼，可以震慑敌人的心智！	QH007	50	0	0	0	0	0	10	0	1085	0	0	6	0	0	0	120	0	0	0	0	0	0	0	0	0	|...|
#	26	赫卡特狙击枪	26	诗乃	12.7mm口径的狙击枪！一般人都叫它“反器材步枪”！那么，你的护甲和装甲车比起来怎样呢？（将奥义【激光】替换为究极奥义【超级激光】）	QH008	50	0	0	0	0	0	0	0	1085	20	0	0	0	10	0	0	0	20	0	0	0	0	0	0	0	|...|
#	27	驯兽师的短刃	27	西莉卡	通常来说，这把匕首是割肉喂给使魔用的，不过锋利程度足以切开精良的防具！（将奥义【枯木逢春】替换为究极奥义【万物复苏】）	QH009	50	0	0	0	0	0	0	0	1085	0	0	6	80	0	0	0	0	0	0	0	0	10	0	0	0	|...|
#	28	圣法师之匕	28	ALO亚丝娜	这只充满魔力的匕首印发了远古精灵大战，然而它只选择有资质的人作为其主人，拥有它就能号召全体精灵的力量！（将奥义【女王的意志】替换为究极奥义【女王的决心】）	QH010	50	20	20	0	0	0	0	0	0	0	0.7	6	0	0	0	0	0	0	0	0	0	0	0	0	0	|...|
#	29	妖精星陨剑	29	莉法	曾在远古精灵大战中斩杀同类无数的凶剑！既可以被加持魔法，也可以排斥魔法，是一切法师的克星！（将奥义【魔法结界】替换为究极奥义【神圣结界】）	QH011	50	20	0	0	0	20	0	0	0	0	0	0	80	0	0	0	0	0	20	0	0	0	0	0	0	|...|
	30	刺客之刃	30	雷肯	平时暗无声息，时机一到立刻雷霆一击的绝杀利器，偶尔也或爆发出凶厉狂躁的一面！	QH012	50	0	20	40	0	0	0	0	1085	0	0	0	0	0	0	0	0	0	0	0	20	0	0	0	0	|...|
#	31	流光星陨弓	31	猫妖诗乃	天外陨铁不都是奇重无比，比如这把用陨铁打造的长弓，轻巧又坚韧，非绝顶弓箭手不可使用！（将奥义【终极时刻】替换为究极奥义【究极时刻】）	QH013	50	20	20	0	0	0	0	0	0	0	0	0	0	0	0	0	40	0	0	0	0	0	0	20	0	|...|
#	32	风领主之剑	32	朔夜	莉法镇族之宝，剑刃的微动都会引起风的共鸣，或轻柔，或狂暴！（将奥义【风暴之力】替换为究极奥义【雷暴之力】）	QH014	50	0	0	0	0	0	0	0	1085	20	0	0	80	0	0	0	0	0	0	0	0	0	20	0	0	|...|
	33	石中剑	33	奥伯龙	传说中的王者之剑，华丽的花纹象征王权，有让人不自觉臣服的魔力！	QH015	50	0	0	0	0	20	10	0	0	0	0	0	0	10	0	0	0	0	0	0	20	0	0	0	0	|...|
#	34	十字军之剑	34	希兹克利夫	区别于远征军的制式武器，这柄长剑的剑鞘就是盾牌！然而这都不重要，令人提防的是使用者出神入化的攻防一体剑技！（将奥义【时间暂停】替换为究极奥义【时间静止】）	QH016	50	0	20	0	0	0	0	0	1085	20	0	0	0	0	0	0	0	0	0	20	0	0	0	0	0	|...|
	35	死神终结者	35	死枪	威力强大到“一击必杀”的恐怖武器，见识过它威力的人都说它可以抢在死神之前将人的性命带走，故名“死神终结者”！	QH017	50	20	0	0	0	0	0	0	0	0	0	0	0	10	20	0	0	0	0	0	20	0	0	0	0	|...|
#	36	M134迷你炮	36	终结者	俗称“加特林”“六管火神炮”，以超高的射速与威力闻名遐迩！纯爷们的武器！（将奥义【N-B1型火炮】替换为究极奥义【N-B2型火炮】）	QH018	50	0	0	0	0	0	0	10	0	20	0	6	0	0	0	0	0	20	0	0	0	0	0	0	0	|...|
	37	守护天使之剑	37	青苹果骑士	天使的两柄佩剑之一，健身附着的守护之力可以隔绝魔法的侵蚀，只有心智坚定的人才能使用！	QH019	50	0	0	0	40	0	0	10	1085	0	0	6	0	0	0	0	0	0	0	0	0	0	0	0	0	|...|
#	38	温彻斯特M1894	38	苍白骑士	与平常的狩猎用温彻斯特不同，这只初代杠杆步枪经过多次调整与增强，使其威力大增，同样也更难以驾驭！（将奥义【火力覆盖】替换为究极奥义【地毯轰炸】）	QH020	50	20	0	0	0	0	0	0	0	20	0	0	0	0	0	0	0	20	0	0	0	0	0	20	0	|...|
#	39	物品破坏装置	39	结衣	这武器的名字说明了一切，只要作出攻击，就会破坏掉目标物品！当然，能量不够出力不足的话，也不是无坚不摧的。（将奥义【程式·毁灭】替换为究极奥义【程式·湮灭】）	QH021	50	0	0	0	0	20	0	0	0	20	0.7	0	0	0	0	0	0	0	0	0	0	10	0	0	0	|...|
#	40	光剑·影光G4	40	绝地武士	纯手工精装水晶，双晶单待，威力二倍与市面所有标准光剑，充一次电可续航两天！（将奥义【爆发】替换为究极奥义【究极爆发】）	QH022	50	20	0	0	0	0	0	0	1085	0	0	0	0	0	20	0	0	0	0	0	20	0	0	0	0	|...|
	41	护士长的针管	41	安岐	启蒙导师馈赠的超大型针筒，在接入手中的那一瞬间，心中豁然开朗：原来导师是大型兽医出身！	QH023	50	20	0	0	0	0	0	0	1085	0	0	6	0	0	0	0	0	0	0	0	0	10	0	0	0	|...|
#	42	魔剑－瓦兰姆	42	火焰领主	造型奔放的最强魔剑，意志力弱小的人持有会被魔剑控制成为杀人狂魔，最终却也臣服在最强的战士手上！（将奥义【炼狱人间】替换为究极奥义【无间炼狱】）	QH024	50	20	0	0	0	0	0	10	1085	0	0.7	0	0	0	0	0	0	0	0	0	0	0	0	0	0	|...|
#	43	持剑泰斗之刃	43	绝剑优纪	远古剑圣的兵器，被插在北峰之巅，此剑颇具灵性，只有被认可的剑士才能靠近，也只有最强的剑士才能拔出它！（将奥义【圣母圣咏】替换为究极奥义【圣母神咏】）	QH025	50	20	20	0	0	0	0	0	0	0	0.7	0	0	0	0	0	0	0	0	0	0	0	0	20	0	|...|
#	44	黑檀木白象牙	44	荒野大镖客	某白发大叔赠与荒野大镖客的随身双枪，同时也教导了他无双的枪斗术！可以打出会拐弯的子弹哦！这是有科学依据的！（将奥义【百烈乱舞】替换为究极奥义【真百烈乱舞】）	QH026	50	20	0	0	0	0	10	0	0	20	0	0	0	0	0	0	0	0	0	0	20	0	0	0	0	|...|
#	45	兽灵爪刃	45	亚丽莎	巨龙的爪尖、深海旗鱼的尖嘴和巨蟒的毒牙制作的超强爪刃，仅武器散发出的威压就能让百兽低头！（将奥义【嗜血妖化】替换为究极奥义【魔化之力】）	QH027	50	20	0	0	0	0	0	0	1085	0	0	6	0	0	20	0	0	0	0	0	0	0	0	0	0	|...|
	46	誓言之剑	46	骑士队长	谦卑、荣誉、牺牲、英勇、怜悯、精神、诚实、公正！骑士八德永存于心！	QH028	50	0	0	40	0	0	0	0	1085	0	0	6	0	0	0	0	0	0	0	20	0	0	0	0	0	|...|
#	47	灵跃碧影	47	圣咏剑姬	水精灵一族传说中的神器，可以操控任何存在于世间的液体！（将奥义【圣母圣咏】替换为究极奥义【圣母神咏】）	QH029	50	20	0	0	0	20	0	10	0	0	0	0	0	0	20	0	0	0	0	0	0	0	0	0	0	|...|
#	48	风魔手里剑	48	鼠妹	将投掷忍术修炼至极致之人才可玩得转的大型刃具！（将奥义【四影之舞】替换为究极奥义【毒轮花开】）	QH030	50	0	20	0	0	20	0	0	0	0	0	0	0	0	0	0	40	0	0	0	20	0	0	0	0	|...|
