场景(玩法)类型：101普通副本		102镜像(暂不支持)		103打手枪		104致命游戏		105圣诞壁垒 	106命运之镰		107防守玩法			108护送玩法		109躲避玩法		110追击BOSS		111割草玩法																												
	层数[策划注释]	场景ID	场景名	玩法类型	等级限制	资源名	场景音乐	音乐音量	描述	天气特效	关卡时间(秒)	是否服务器校验战斗	金币	全局掉落类别ID	全局掉落概率(万分率)	物品_1_原始名	物品_1_数量	物品_1_掉落概率	物品_2_原始名	物品_2_数量	物品_2_掉落概率	物品_3_原始名	物品_3_数量	物品_3_掉落概率	物品_4_原始名	物品_4_数量	物品_4_掉落概率	物品_5_原始名	物品_5_数量	物品_5_掉落概率	物品_6_原始名	物品_6_数量	物品_6_掉落概率	物品_7_原始名	物品_7_数量	物品_7_掉落概率	物品_8_原始名	物品_8_数量	物品_8_掉落概率	物品_9_原始名	物品_9_数量	物品_9_掉落概率	物品_10_原始名(物品5在Untouchable中式固定是给3星成绩的额外奖励)	物品_10_数量	物品_10_掉落概率			
#	1	401	百层塔第1层	111	30	Scene_D_01	SceneMusic/Battle_2	1	[ff0000]抵御兽潮[-]：镇压山呼海啸般的怪物浪潮，想要坚持到最后，持久力才是最重要的，注意怪物的类型！	0	150	0	0	0	0	TWBX003	1	10000	ZBSX01	10	10000	0	0	0	0	0	0	0	0	0	0	0	0	0	0	0	0	0	0	0	0	0	0	0	0	|...|	1400001	1400002
#	2	402	百层塔第2层	108	30	Scene_B_02	SceneMusic/Battle_2	1	[ff0000]VIP救援[-]：我方重要人物被敌人盯上了，突破重重拦截，在到达目标地点之前，护其周全！	0	150	1	0	0	0	TWBX001	1	10000	0	0	0	0	0	0	0	0	0	0	0	0	0	0	0	0	0	0	0	0	0	0	0	0	0	0	0	|...|	1400003	1400004
#	3	403	百层塔第3层	110	30	Scene_C_01	SceneMusic/Battle_2	1	[ff0000]狩猎行动[-]：目标单位逃窜，要在它脱离战区前击破！小心敌方的增援和地面的陷阱，并加强你的火力！	0	150	1	0	0	0	TWBX003	1	10000	ZBSX01	10	10000	0	0	0	0	0	0	0	0	0	0	0	0	0	0	0	0	0	0	0	0	0	0	0	0	|...|	1400005	1400006
#	4	404	百层塔第4层	101	30	Scene_A_02	SceneMusic/Battle_2	1	[ff0000]哨兵行动[-]：情报称，有大型怪物接近城镇，需要找出目标并歼灭，小心行动，目标可能下一秒就出现！	0	150	1	0	0	0	TWBX001	1	10000	0	0	0	0	0	0	0	0	0	0	0	0	0	0	0	0	0	0	0	0	0	0	0	0	0	0	0	|...|	1400007	1400008
#	5	405	百层塔第5层	101	30	Scene_C_01	SceneMusic/Battle_2	1	[ff0000]群魔乱舞[-]：听情报说前面有大量大型怪物聚集，前去剿灭，做好长期战斗的准备！	0	150	1	0	0	0	TWBX004	1	10000	TWBX002	1	10000	ZBSX01	20	10000	ZBSX02	5	10000	0	0	0	0	0	0	0	0	0	0	0	0	0	0	0	0	0	0	|...|	1400009	1400010
#	6	406	百层塔第6层	105	30	Scene_arena_01	SceneMusic/Battle_2	1	[ff0000]代号：缉拿[-]：附近有伪装成圣诞老人的巨型怪物对玩家居所的烟囱造成的毁灭性伤害，前去击退它！	0	150	1	0	0	0	TWBX003	1	10000	ZBSX01	10	10000	0	0	0	0	0	0	0	0	0	0	0	0	0	0	0	0	0	0	0	0	0	0	0	0	|...|	1400011	1400012
#	7	407	百层塔第7层	111	30	Scene_D_01	SceneMusic/Battle_2	1	[ff0000]抵御兽潮[-]：镇压山呼海啸般的怪物浪潮，想要坚持到最后，持久力才是最重要的，注意怪物的类型！	0	150	0	0	0	0	TWBX001	1	10000	0	0	0	0	0	0	0	0	0	0	0	0	0	0	0	0	0	0	0	0	0	0	0	0	0	0	0	|...|	1400013	1400002
#	8	408	百层塔第8层	104	30	Scene_arena_01	SceneMusic/Battle_2	1	[ff0000]踩点游戏[-]：盘踞于此的超强巨型怪物，想要击败它，需要积极利用场地内的干扰能量，不要一味的正面迎敌！	0	150	0	0	0	0	TWBX003	1	10000	ZBSX01	10	10000	0	0	0	0	0	0	0	0	0	0	0	0	0	0	0	0	0	0	0	0	0	0	0	0	|...|	1400014	1400015
#	9	409	百层塔第9层	101	30	Scene_B_02	SceneMusic/Battle_2	1	[ff0000]群魔乱舞[-]：听情报说前面有大量大型怪物聚集，前去剿灭，做好长期战斗的准备！	0	150	1	0	0	0	TWBX001	1	10000	0	0	0	0	0	0	0	0	0	0	0	0	0	0	0	0	0	0	0	0	0	0	0	0	0	0	0	|...|	1400016	1400010
#	10	410	百层塔第10层	103	30	Scene_B_untouchable_01	SceneMusic/Battle_2	1	[ff0000]危险走廊[-]：听说有个西部牛仔枪法精湛，面前百米堪称“死亡领域”，躲避他的射击，接近他，挫败他！	0	150	0	0	0	0	TWBX004	1	10000	TWBX002	1	10000	ZBSX01	20	10000	ZBSX02	5	10000	0	0	0	0	0	0	0	0	0	0	0	0	0	0	0	0	0	0	|...|	1400017	1400018
#	11	411	百层塔第11层	111	31	Scene_A_01	SceneMusic/Battle_2	1	[ff0000]抵御兽潮[-]：镇压山呼海啸般的怪物浪潮，想要坚持到最后，持久力才是最重要的，注意怪物的类型！	0	150	0	0	0	0	TWBX003	1	10000	ZBSX01	10	10000	0	0	0	0	0	0	0	0	0	0	0	0	0	0	0	0	0	0	0	0	0	0	0	0	|...|	1400019	1400002
#	12	412	百层塔第12层	109	31	Scene_C_04	SceneMusic/Battle_2	1	[ff0000]夺路而逃[-]：地下城探险中，不小心触动了自毁机关，尽快逃离这个陷阱遍布的危险地带！	0	90	0	0	0	0	TWBX001	1	10000	0	0	0	0	0	0	0	0	0	0	0	0	0	0	0	0	0	0	0	0	0	0	0	0	0	0	0	|...|	1400020	1400021
#	13	413	百层塔第13层	106	31	Scene_C_01	SceneMusic/Battle_2	1	[ff0000]致命挑战[-]：死神会降临到它选中的人面前，这个异装癖是不可战胜的，唯有拖延，拖延到它降临的时间结束！	0	120	0	0	0	0	TWBX003	1	10000	ZBSX01	10	10000	0	0	0	0	0	0	0	0	0	0	0	0	0	0	0	0	0	0	0	0	0	0	0	0	|...|	1400022	1400023
#	14	414	百层塔第14层	110	31	Scene_B_03	SceneMusic/Battle_2	1	[ff0000]狩猎行动[-]：目标单位逃窜，要在它脱离战区前击破！小心敌方的增援和地面的陷阱，并加强你的火力！	0	150	1	0	0	0	TWBX001	1	10000	0	0	0	0	0	0	0	0	0	0	0	0	0	0	0	0	0	0	0	0	0	0	0	0	0	0	0	|...|	1400024	1400006
#	15	415	百层塔第15层	105	31	Scene_arena_01	SceneMusic/Battle_2	1	[ff0000]代号：缉拿[-]：附近有伪装成圣诞老人的巨型怪物对玩家居所的烟囱造成的毁灭性伤害，前去击退它！	0	150	1	0	0	0	TWBX004	1	10000	TWBX002	1	10000	ZBSX01	20	10000	ZBSX02	5	10000	0	0	0	0	0	0	0	0	0	0	0	0	0	0	0	0	0	0	|...|	1400025	1400012
#	16	416	百层塔第16层	101	32	Scene_A_02	SceneMusic/Battle_2	1	[ff0000]抵御兽潮[-]：镇压山呼海啸般的怪物浪潮，想要坚持到最后，持久力才是最重要的，注意怪物的类型！	0	150	1	0	0	0	TWBX003	1	10000	ZBSX01	10	10000	0	0	0	0	0	0	0	0	0	0	0	0	0	0	0	0	0	0	0	0	0	0	0	0	|...|	1400026	1400002
#	17	417	百层塔第17层	101	32	Scene_arena_01	SceneMusic/Battle_2	1	[ff0000]群魔乱舞[-]：听情报说前面有大量大型怪物聚集，前去剿灭，做好长期战斗的准备！	0	150	1	0	0	0	TWBX001	1	10000	0	0	0	0	0	0	0	0	0	0	0	0	0	0	0	0	0	0	0	0	0	0	0	0	0	0	0	|...|	1400027	1400010
#	18	418	百层塔第18层	103	32	Scene_B_untouchable_01	SceneMusic/Battle_2	1	[ff0000]危险走廊[-]：听说有个西部牛仔枪法精湛，面前百米堪称“死亡领域”，躲避他的射击，接近他，挫败他！	0	150	0	0	0	0	TWBX003	1	10000	ZBSX01	10	10000	0	0	0	0	0	0	0	0	0	0	0	0	0	0	0	0	0	0	0	0	0	0	0	0	|...|	1400028	1400018
#	19	419	百层塔第19层	107	33	Scene_D_01	SceneMusic/Battle_2	1	[ff0000]坚壁计划[-]：敌人发动突然奇袭！这里绝对不能失守，保护住我方核心，坚持一定时间或者全歼敌方！	0	150	1	0	0	0	TWBX001	1	10000	0	0	0	0	0	0	0	0	0	0	0	0	0	0	0	0	0	0	0	0	0	0	0	0	0	0	0	|...|	1400029	1400030
#	20	420	百层塔第20层	106	33	Scene_C_01	SceneMusic/Battle_2	1	[ff0000]致命挑战[-]：死神会降临到它选中的人面前，这个异装癖是不可战胜的，唯有拖延，拖延到它降临的时间结束！	0	120	0	0	0	0	TWBX004	1	10000	TWBX002	1	10000	ZBSX01	20	10000	ZBSX02	5	10000	0	0	0	0	0	0	0	0	0	0	0	0	0	0	0	0	0	0	|...|	1400031	1400023
#	21	421	百层塔第21层	101	33	Scene_arena_01	SceneMusic/Battle_2	1	[ff0000]群魔乱舞[-]：大型怪物聚集！被击败的怪物会与新的增援再次出现，顶住压力击破它们！	0	180	1	0	0	0	TWBX003	1	10000	ZBSX01	10	10000	0	0	0	0	0	0	0	0	0	0	0	0	0	0	0	0	0	0	0	0	0	0	0	0	|...|	1400032	1400033
#	22	422	百层塔第22层	108	34	Scene_B_03	SceneMusic/Battle_2	1	[ff0000]VIP救援[-]：重要的科研对象被敌人追捕，在超长的撤离路线上保护我方重要目标的周全！	0	225	0	0	0	0	TWBX001	1	10000	0	0	0	0	0	0	0	0	0	0	0	0	0	0	0	0	0	0	0	0	0	0	0	0	0	0	0	|...|	1400034	1400035
#	23	423	百层塔第23层	111	34	Scene_B_03	SceneMusic/Battle_2	1	[ff0000]抵御兽潮[-]：拥有击晕对手的狗头人大暴动，请前往镇压！注意：攻击沙虫可以获得免晕效果！	0	150	0	0	0	0	TWBX003	1	10000	ZBSX01	10	10000	0	0	0	0	0	0	0	0	0	0	0	0	0	0	0	0	0	0	0	0	0	0	0	0	|...|	1400036	1400037
#	24	424	百层塔第24层	107	34	Scene_mirror_01	SceneMusic/Battle_2	1	[ff0000]泰坦梦境[-]：在梦境中自我膨胀的奥伯龙遇到了阻碍他的对手，需要支援！梦境中治疗效果大幅度提升，同时在奥伯龙对敌人释放“痛觉”时，帮助他攻击敌人！	0	180	1	0	0	0	TWBX001	1	10000	0	0	0	0	0	0	0	0	0	0	0	0	0	0	0	0	0	0	0	0	0	0	0	0	0	0	0	|...|	1400038	1400039
#	25	425	百层塔第25层	109	35	Scene_C_01	SceneMusic/Battle_2	1	[ff0000]夺路而逃[-]：由于激怒了不可战胜的对手，摆在你面前的只有跑路一途！小心遍布的陷阱，与死亡赛跑！	0	90	0	0	0	0	TWBX004	1	10000	TWBX002	1	10000	ZBSX01	20	10000	ZBSX02	5	10000	0	0	0	0	0	0	0	0	0	0	0	0	0	0	0	0	0	0	|...|	1400040	1400041
#	26	426	百层塔第26层	101	36	Scene_C_01	SceneMusic/Battle_2	1	[ff0000]代号：安魂曲[-]：远古大帝的墓穴被玩家无意中打开，被惊扰的尸骸重临地面！为了防止生灵涂炭，要尽快让它再次陷入长眠！	0	150	1	0	0	0	TWBX003	1	10000	ZBSX01	10	10000	0	0	0	0	0	0	0	0	0	0	0	0	0	0	0	0	0	0	0	0	0	0	0	0	|...|	1400042	1400043
#	27	427	百层塔第27层	104	37	Scene_arena_01	SceneMusic/Battle_2	1	[ff0000]宝窟惊魂[-]：宝物被骸骨猎杀者所守护，想要夺宝，必先踏过它的尸骨！注意利用地面上的机关禁锢它！	0	150	0	0	0	0	TWBX001	1	10000	0	0	0	0	0	0	0	0	0	0	0	0	0	0	0	0	0	0	0	0	0	0	0	0	0	0	0	|...|	1400044	1400045
#	28	428	百层塔第28层	101	38	Scene_D_KZ	SceneMusic/Battle_2	1	[ff0000]异宝争夺[-]：偶然发现三株功效各异的蘑菇，只要合理利用就可获得不可思议的增幅！然而骷髅王也被异宝吸引而来，利用提前布置好的陷阱阵地和蘑菇的增幅，抵御骷髅特遣队，夺得宝物！	0	200	1	0	0	0	TWBX003	1	10000	ZBSX01	10	10000	0	0	0	0	0	0	0	0	0	0	0	0	0	0	0	0	0	0	0	0	0	0	0	0	|...|	1400046	1400047
#	29	429	百层塔第29层	110	39	Scene_B_03	SceneMusic/Battle_2	1	[ff0000]狩猎行动[-]：目标单位逃窜，要在它脱离战区前击破！小心回避敌方的增援和陷阱，并加强你的火力！	0	200	0	0	0	0	TWBX001	1	10000	0	0	0	0	0	0	0	0	0	0	0	0	0	0	0	0	0	0	0	0	0	0	0	0	0	0	0	|...|	1400048	1400049
#	30	430	百层塔第30层	101	40	Scene_C_01	SceneMusic/Battle_2	1	[ff0000]异兽猎取[-]：获得稀有怪物虫王戮蛊的情报，前去击杀它以获得稀有材料！小心应付这个阴险狠辣的怪物，不能移动是它的致命弱点！	0	150	1	0	0	0	TWBX004	1	10000	TWBX002	1	10000	ZBSX01	20	10000	ZBSX02	5	10000	0	0	0	0	0	0	0	0	0	0	0	0	0	0	0	0	0	0	|...|	1400050	1400051
#	31	431	百层塔第31层	101	45	Scene_D_01	SceneMusic/Battle_2	1	[ff0000]龙潭虎穴[-]：在传送门关闭前，击杀所有骷髅法师，这是找到幸得唯一线索，只许成功！	0	150	0	0	0	0	TWBX003	1	10000	ZBSX01	10	10000	0	0	0	0	0	0	BX240	1	10000	0	0	0	BX242	1	10000	0	0	0	0	0	0	0	0	0	|...|	1400052	1400053
#	32	432	百层塔第32层	107	45	Scene_C_01	SceneMusic/Battle_2	1	[ff0000]重温悲剧[-]：幸陷入了怪物的包围，情况紧急，必须再幸遇害前救下她，不能再重演悲剧！	0	360	0	0	0	0	TWBX001	1	10000	0	0	0	0	0	0	0	0	0	0	0	0	0	0	0	0	0	0	0	0	0	0	0	0	0	0	0	|...|	1400054	1400055
#	33	433	百层塔第33层	107	45	Scene_C_04	SceneMusic/Battle_2	1	[ff0000]坚壁计划[-]：敌人发动突然奇袭！这里绝对不能失守，保护住幸，坚持一定时间或者全歼敌方！	0	240	1	0	0	0	TWBX003	1	10000	ZBSX01	10	10000	0	0	0	0	0	0	0	0	0	0	0	0	BX242	2	10000	0	0	0	0	0	0	0	0	0	|...|	1400056	1400057
#	34	434	百层塔第34层	111	45	Scene_D_01	SceneMusic/Battle_2	1	[ff0000]抵御兽潮[-]：镇压山呼海啸般的怪物浪潮，想要坚持到最后，持久力才是最重要的，注意怪物的类型！	0	180	0	0	0	0	TWBX001	1	10000	0	0	0	0	0	0	0	0	0	0	0	0	0	0	0	0	0	0	0	0	0	0	0	0	0	0	0	|...|	1400058	1400059
#	35	435	百层塔第35层	101	45	Scene_C_01	SceneMusic/Battle_2	1	[ff0000]异兽猎取[-]：获得稀有怪物闪耀魔眼的情报，前去击杀它以获得稀有材料！小心应付这个阴险狠辣的怪物！	0	160	1	0	0	0	TWBX004	1	10000	TWBX002	1	10000	ZBSX01	20	10000	ZBSX02	5	10000	0	0	0	BX241	1	10000	0	0	0	0	0	0	0	0	0	0	0	0	|...|	1400060	1400061
#	36	436	百层塔第36层	109	55	Scene_C_02	SceneMusic/Battle_2	1	[ff0000]夺路而逃[-]：由于激怒了不可战胜的对手，摆在你面前的只有跑路一途！小心遍布的陷阱，与死亡赛跑！	0	150	0	0	0	0	TWBX003	1	10000	ZBSX01	10	10000	0	0	0	0	0	0	BX240	1	10000	0	0	0	0	0	0	0	0	0	0	0	0	0	0	0	|...|	1400062	1400063
#	37	437	百层塔第37层	111	55	Scene_B_02	SceneMusic/Battle_2	1	[ff0000]万兽侵袭[-]：镇压山呼海啸般的怪物浪潮，想要坚持到最后，持久力才是最重要的，注意其中有数量不明的大型怪物！	0	260	0	0	0	0	TWBX001	1	10000	0	0	0	0	0	0	0	0	0	0	0	0	0	0	0	0	0	0	0	0	0	0	0	0	0	0	0	|...|	1400064	1400065
#	38	438	百层塔第38层	107	55	Scene_B_01	SceneMusic/Battle_2	1	[ff0000]坚壁计划[-]：敌人发动突然奇袭！这里绝对不能失守，保护住我方核心，坚持一定时间或者全歼敌方！	0	300	1	0	0	0	TWBX003	1	10000	ZBSX01	10	10000	0	0	0	0	0	0	0	0	0	0	0	0	BX242	2	10000	0	0	0	0	0	0	0	0	0	|...|	1400066	1400067
#	39	439	百层塔第39层	110	55	Scene_C_01	SceneMusic/Battle_2	1	[ff0000]斩首行动[-]：骷髅王准备返回地宫，我们必须进行截击，清扫敌人，在路上布置陷阱请君入瓮！	0	300	1	0	0	0	TWBX001	1	10000	0	0	0	0	0	0	0	0	0	0	0	0	0	0	0	0	0	0	0	0	0	0	0	0	0	0	0	|...|	1400068	1400069
#	40	440	百层塔第40层	101	55	Scene_B_01	SceneMusic/Battle_2	1	[ff0000]哨兵行动[-]：情报称，有大型怪物接近城镇，需要找出目标并歼灭，小心行动，目标可能下一秒就出现！	0	160	1	0	0	0	TWBX004	1	10000	TWBX002	1	10000	ZBSX01	20	10000	ZBSX02	5	10000	0	0	0	BX241	1	10000	0	0	0	0	0	0	0	0	0	0	0	0	|...|	1400070	1400071
#	41	441	百层塔第41层	103	65	Scene_B_untouchable_01	SceneMusic/Battle_2	1	[ff0000]危险走廊[-]：听说有两个西部牛仔枪法精湛，面前百米堪称“死亡领域”，躲避他的射击，接近他，挫败他！	0	150	0	0	0	0	TWBX003	1	10000	ZBSX01	10	10000	0	0	0	0	0	0	BX240	1	10000	0	0	0	0	0	0	0	0	0	0	0	0	0	0	0	|...|	1400072	1400073
#	42	442	百层塔第42层	110	65	Scene_B_03	SceneMusic/Battle_2	1	[ff0000]狩猎行动[-]：目标单位逃窜，要在它脱离战区前击破！小心回避敌方的增援和陷阱，并加强你的火力！	0	180	0	0	0	0	TWBX001	1	10000	0	0	0	0	0	0	0	0	0	0	0	0	0	0	0	0	0	0	0	0	0	0	0	0	0	0	0	|...|	1400074	1400075
#	43	443	百层塔第43层	101	65	Scene_novice_01	SceneMusic/Battle_2	1	[ff0000]死里逃生[-]：误入敌人陷阱，每5秒会出现新的陷阱向我们逼近，必须迅速离开此地，注意前方拦截我们的怪物！	0	180	1	0	0	0	TWBX003	1	10000	ZBSX01	10	10000	0	0	0	0	0	0	0	0	0	0	0	0	BX242	2	10000	0	0	0	0	0	0	0	0	0	|...|	1400076	1400077
#	44	444	百层塔第44层	107	65	Scene_C_03	SceneMusic/Battle_2	1	[ff0000]坚壁计划[-]：敌人发动突然奇袭！这里绝对不能失守，保护住结衣，敌方太强大，利用陷阱辅助防御！	0	180	1	0	0	0	TWBX001	1	10000	0	0	0	0	0	0	0	0	0	0	0	0	0	0	0	0	0	0	0	0	0	0	0	0	0	0	0	|...|	1400078	1400079
#	45	445	百层塔第45层	101	65	Scene_arena_01	SceneMusic/Battle_2	1	[ff0000]群魔乱舞[-]：听情报说前面有大量大型怪物聚集，前去剿灭，做好长期战斗的准备！	0	220	1	0	0	0	TWBX004	1	10000	TWBX002	1	10000	ZBSX01	20	10000	ZBSX02	5	10000	0	0	0	BX241	1	10000	0	0	0	0	0	0	0	0	0	0	0	0	|...|	1400080	1400081
#	46	446	百层塔第46层	109	75	Scene_C_04	SceneMusic/Battle_2	1	[ff0000]夺路而逃[-]：由于激怒了不可战胜的对手，摆在你面前的只有跑路一途！小心遍布的陷阱，与死亡赛跑！	0	180	0	0	0	0	TWBX003	1	10000	ZBSX01	10	10000	0	0	0	0	0	0	BX240	1	10000	0	0	0	0	0	0	0	0	0	0	0	0	0	0	0	|...|	1400082	1400083
#	47	447	百层塔第47层	107	75	Scene_C_04	SceneMusic/Battle_2	1	[ff0000]坚壁计划[-]：敌人发动突然奇袭！这里绝对不能失守，保护住ALO亚丝娜，坚持一定时间或者全歼敌方！	0	240	1	0	0	0	TWBX001	1	10000	0	0	0	0	0	0	0	0	0	0	0	0	0	0	0	0	0	0	0	0	0	0	0	0	0	0	0	|...|	1400084	1400085
#	48	448	百层塔第48层	108	75	Scene_B_03	SceneMusic/Battle_2	1	[ff0000]VIP救援[-]：重要的科研对象被敌人追捕，在超长的撤离路线上保护我方重要目标的周全！	0	250	0	0	0	0	TWBX003	1	10000	ZBSX01	10	10000	0	0	0	0	0	0	0	0	0	BX241	1	10000	BX242	3	10000	0	0	0	0	0	0	0	0	0	|...|	1400086	1400087
#	49	449	百层塔第49层	101	75	Scene_D_01	SceneMusic/Battle_2	1	[ff0000]龙潭虎穴[-]：在传送门关闭前，击杀所有骷髅法师，这是进入毒寡妇巢穴的唯一途径，只许成功！	0	150	1	0	0	0	TWBX001	1	10000	0	0	0	0	0	0	0	0	0	0	0	0	BX241	1	10000	0	0	0	0	0	0	0	0	0	0	0	0	|...|	1400088	1400089
#	50	450	百层塔第50层	101	75	Scene_C_01	SceneMusic/Battle_2	1	[ff0000]异兽猎取[-]：已找到稀有怪物毒寡妇的巢穴，前去击杀它以获得稀有材料！小心应付这个阴险狠辣的怪物！	0	150	1	0	0	0	TWBX004	1	10000	TWBX002	1	10000	ZBSX01	20	10000	ZBSX02	5	10000	0	0	0	BX241	1	10000	0	0	0	0	0	0	0	0	0	0	0	0	|...|	1400090	1400091
