	说明:不使用的，用'0'占位								
									
									
	排名低位	排名高位	RMB	金币	积分	物品_1_原始名	物品_1_数量	物品_2_原始名	物品_2_数量
#	1	1	350	0	1200	0	0	0	0
#	2	2	300	0	1000	0	0	0	0
#	3	3	250	0	900	0	0	0	0
#	4	4	230	0	850	0	0	0	0
#	5	5	220	0	825	0	0	0	0
#	6	6	210	0	800	0	0	0	0
#	7	7	200	0	775	0	0	0	0
#	8	8	190	0	750	0	0	0	0
#	9	9	180	0	725	0	0	0	0
#	10	10	170	0	700	0	0	0	0
#	11	20	160	0	675	0	0	0	0
#	21	30	150	0	650	0	0	0	0
#	31	40	140	0	625	0	0	0	0
#	41	50	130	0	600	0	0	0	0
#	51	70	120	0	575	0	0	0	0
#	71	100	110	0	550	0	0	0	0
#	101	200	100	0	520	0	0	0	0
#	201	300	90	0	510	0	0	0	0
#	301	400	80	0	500	0	0	0	0
#	401	500	70	0	450	0	0	0	0
#	501	1000	60	0	400	0	0	0	0
#	1001	2000	55	0	350	0	0	0	0
#	2001	3000	50	0	300	0	0	0	0
#	3001	4000	45	0	250	0	0	0	0
#	4001	5000	40	0	200	0	0	0	0
