	"矿类型:1,金矿;2,银矿;3,铜矿"				
					
	矿ID	矿类型	最大钻石开采速度(单位:小时)	最大金币开采速度(单位:小时)	可开采时长(单位:小时)
#	1	1	4	69600	12
#	2	1	4	69600	12
#	3	1	4	69600	12
#	4	1	4	69600	12
#	5	1	4	69600	12
#	6	1	4	69600	12
#	7	1	4	69600	12
#	8	1	4	69600	12
#	9	2	2	46400	12
#	10	2	2	46400	12
#	11	2	2	46400	12
#	12	2	2	46400	12
#	13	2	2	46400	12
#	14	2	2	46400	12
#	15	2	2	46400	12
#	16	2	2	46400	12
#	17	2	2	46400	12
#	18	2	2	46400	12
#	19	2	2	46400	12
#	20	2	2	46400	12
#	21	2	2	46400	12
#	22	2	2	46400	12
#	23	2	2	46400	12
#	24	2	2	46400	12
#	25	2	2	46400	12
#	26	2	2	46400	12
#	27	2	2	46400	12
#	28	2	2	46400	12
#	29	2	2	46400	12
#	30	2	2	46400	12
#	31	2	2	46400	12
#	32	2	2	46400	12
#	33	2	2	46400	12
#	34	2	2	46400	12
#	35	2	2	46400	12
#	36	2	2	46400	12
#	37	2	2	46400	12
#	38	2	2	46400	12
#	39	2	2	46400	12
#	40	2	2	46400	12
#	41	2	2	46400	12
#	42	2	2	46400	12
#	43	2	2	46400	12
#	44	2	2	46400	12
#	45	2	2	46400	12
#	46	2	2	46400	12
#	47	2	2	46400	12
#	48	2	2	46400	12
#	49	3	1	34800	12
#	50	3	1	34800	12
#	51	3	1	34800	12
#	52	3	1	34800	12
#	53	3	1	34800	12
#	54	3	1	34800	12
#	55	3	1	34800	12
#	56	3	1	34800	12
#	57	3	1	34800	12
#	58	3	1	34800	12
#	59	3	1	34800	12
#	60	3	1	34800	12
#	61	3	1	34800	12
#	62	3	1	34800	12
#	63	3	1	34800	12
#	64	3	1	34800	12
#	65	3	1	34800	12
#	66	3	1	34800	12
#	67	3	1	34800	12
#	68	3	1	34800	12
#	69	3	1	34800	12
#	70	3	1	34800	12
#	71	3	1	34800	12
#	72	3	1	34800	12
#	73	3	1	34800	12
#	74	3	1	34800	12
#	75	3	1	34800	12
#	76	3	1	34800	12
#	77	3	1	34800	12
#	78	3	1	34800	12
#	79	3	1	34800	12
#	80	3	1	34800	12
#	81	3	1	34800	12
#	82	3	1	34800	12
#	83	3	1	34800	12
#	84	3	1	34800	12
#	85	3	1	34800	12
#	86	3	1	34800	12
#	87	3	1	34800	12
#	88	3	1	34800	12
#	89	3	1	34800	12
#	90	3	1	34800	12
#	91	3	1	34800	12
#	92	3	1	34800	12
#	93	3	1	34800	12
#	94	3	1	34800	12
#	95	3	1	34800	12
#	96	3	1	34800	12
#	97	3	1	34800	12
#	98	3	1	34800	12
#	99	3	1	34800	12
#	100	3	1	34800	12
#	101	3	1	34800	12
#	102	3	1	34800	12
#	103	3	1	34800	12
#	104	3	1	34800	12
#	105	3	1	34800	12
#	106	3	1	34800	12
#	107	3	1	34800	12
#	108	3	1	34800	12
#	109	3	1	34800	12
#	110	3	1	34800	12
#	111	3	1	34800	12
#	112	3	1	34800	12
#	113	3	1	34800	12
#	114	3	1	34800	12
#	115	3	1	34800	12
#	116	3	1	34800	12
#	117	3	1	34800	12
#	118	3	1	34800	12
#	119	3	1	34800	12
#	120	3	1	34800	12
#	121	3	1	34800	12
#	122	3	1	34800	12
#	123	3	1	34800	12
#	124	3	1	34800	12
#	125	3	1	34800	12
#	126	3	1	34800	12
#	127	3	1	34800	12
#	128	3	1	34800	12
#	129	3	1	34800	12
#	130	3	1	34800	12
#	131	3	1	34800	12
#	132	3	1	34800	12
#	133	3	1	34800	12
#	134	3	1	34800	12
#	135	3	1	34800	12
#	136	3	1	34800	12
#	137	3	1	34800	12
#	138	3	1	34800	12
#	139	3	1	34800	12
#	140	3	1	34800	12
#	141	3	1	34800	12
#	142	3	1	34800	12
#	143	3	1	34800	12
#	144	3	1	34800	12
#	145	3	1	34800	12
#	146	3	1	34800	12
#	147	3	1	34800	12
#	148	3	1	34800	12
#	149	3	1	34800	12
#	150	3	1	34800	12
#	151	3	1	34800	12
#	152	3	1	34800	12
#	153	3	1	34800	12
#	154	3	1	34800	12
#	155	3	1	34800	12
#	156	3	1	34800	12
#	157	3	1	34800	12
#	158	3	1	34800	12
#	159	3	1	34800	12
#	160	3	1	34800	12
#	161	3	1	34800	12
#	162	3	1	34800	12
#	163	3	1	34800	12
#	164	3	1	34800	12
#	165	3	1	34800	12
#	166	3	1	34800	12
#	167	3	1	34800	12
#	168	3	1	34800	12
#	169	3	1	34800	12
#	170	3	1	34800	12
#	171	3	1	34800	12
#	172	3	1	34800	12
#	173	3	1	34800	12
#	174	3	1	34800	12
#	175	3	1	34800	12
#	176	3	1	34800	12
#	177	3	1	34800	12
#	178	3	1	34800	12
#	179	3	1	34800	12
#	180	3	1	34800	12
#	181	3	1	34800	12
#	182	3	1	34800	12
#	183	3	1	34800	12
#	184	3	1	34800	12
#	185	3	1	34800	12
#	186	3	1	34800	12
#	187	3	1	34800	12
#	188	3	1	34800	12
#	189	3	1	34800	12
#	190	3	1	34800	12
#	191	3	1	34800	12
#	192	3	1	34800	12
#	193	3	1	34800	12
#	194	3	1	34800	12
#	195	3	1	34800	12
#	196	3	1	34800	12
#	197	3	1	34800	12
#	198	3	1	34800	12
#	199	3	1	34800	12
#	200	3	1	34800	12
#	201	3	1	34800	12
#	202	3	1	34800	12
#	203	3	1	34800	12
#	204	3	1	34800	12
#	205	3	1	34800	12
#	206	3	1	34800	12
#	207	3	1	34800	12
#	208	3	1	34800	12
#	209	3	1	34800	12
#	210	3	1	34800	12
#	211	3	1	34800	12
#	212	3	1	34800	12
#	213	3	1	34800	12
#	214	3	1	34800	12
#	215	3	1	34800	12
#	216	3	1	34800	12
#	217	3	1	34800	12
#	218	3	1	34800	12
#	219	3	1	34800	12
#	220	3	1	34800	12
#	221	3	1	34800	12
#	222	3	1	34800	12
#	223	3	1	34800	12
#	224	3	1	34800	12
#	225	3	1	34800	12
#	226	3	1	34800	12
#	227	3	1	34800	12
#	228	3	1	34800	12
#	229	3	1	34800	12
#	230	3	1	34800	12
#	231	3	1	34800	12
#	232	3	1	34800	12
#	233	3	1	34800	12
#	234	3	1	34800	12
#	235	3	1	34800	12
#	236	3	1	34800	12
#	237	3	1	34800	12
#	238	3	1	34800	12
#	239	3	1	34800	12
#	240	3	1	34800	12
#	241	3	1	34800	12
#	242	3	1	34800	12
#	243	3	1	34800	12
#	244	3	1	34800	12
#	245	3	1	34800	12
#	246	3	1	34800	12
#	247	3	1	34800	12
#	248	3	1	34800	12
#	249	3	1	34800	12
#	250	3	1	34800	12
#	251	3	1	34800	12
#	252	3	1	34800	12
#	253	3	1	34800	12
#	254	3	1	34800	12
#	255	3	1	34800	12
#	256	3	1	34800	12
#	257	3	1	34800	12
#	258	3	1	34800	12
#	259	3	1	34800	12
#	260	3	1	34800	12
#	261	3	1	34800	12
#	262	3	1	34800	12
#	263	3	1	34800	12
#	264	3	1	34800	12
#	265	3	1	34800	12
#	266	3	1	34800	12
#	267	3	1	34800	12
#	268	3	1	34800	12
#	269	3	1	34800	12
#	270	3	1	34800	12
#	271	3	1	34800	12
#	272	3	1	34800	12
#	273	3	1	34800	12
#	274	3	1	34800	12
#	275	3	1	34800	12
#	276	3	1	34800	12
#	277	3	1	34800	12
#	278	3	1	34800	12
#	279	3	1	34800	12
#	280	3	1	34800	12
#	281	3	1	34800	12
#	282	3	1	34800	12
#	283	3	1	34800	12
#	284	3	1	34800	12
#	285	3	1	34800	12
#	286	3	1	34800	12
#	287	3	1	34800	12
#	288	3	1	34800	12
#	289	3	1	34800	12
#	290	3	1	34800	12
#	291	3	1	34800	12
#	292	3	1	34800	12
#	293	3	1	34800	12
#	294	3	1	34800	12
#	295	3	1	34800	12
#	296	3	1	34800	12
#	297	3	1	34800	12
#	298	3	1	34800	12
#	299	3	1	34800	12
#	300	3	1	34800	12
#	301	3	1	34800	12
#	302	3	1	34800	12
#	303	3	1	34800	12
#	304	3	1	34800	12
#	305	3	1	34800	12
#	306	3	1	34800	12
#	307	3	1	34800	12
#	308	3	1	34800	12
#	309	3	1	34800	12
#	310	3	1	34800	12
#	311	3	1	34800	12
#	312	3	1	34800	12
#	313	3	1	34800	12
#	314	3	1	34800	12
#	315	3	1	34800	12
#	316	3	1	34800	12
#	317	3	1	34800	12
#	318	3	1	34800	12
#	319	3	1	34800	12
#	320	3	1	34800	12
#	321	3	1	34800	12
#	322	3	1	34800	12
#	323	3	1	34800	12
#	324	3	1	34800	12
#	325	3	1	34800	12
#	326	3	1	34800	12
#	327	3	1	34800	12
#	328	3	1	34800	12
#	329	3	1	34800	12
#	330	3	1	34800	12
#	331	3	1	34800	12
#	332	3	1	34800	12
#	333	3	1	34800	12
#	334	3	1	34800	12
#	335	3	1	34800	12
#	336	3	1	34800	12
#	337	3	1	34800	12
#	338	3	1	34800	12
#	339	3	1	34800	12
#	340	3	1	34800	12
#	341	3	1	34800	12
#	342	3	1	34800	12
#	343	3	1	34800	12
#	344	3	1	34800	12
#	345	3	1	34800	12
#	346	3	1	34800	12
#	347	3	1	34800	12
#	348	3	1	34800	12
#	349	3	1	34800	12
#	350	3	1	34800	12
#	351	3	1	34800	12
#	352	3	1	34800	12
#	353	3	1	34800	12
#	354	3	1	34800	12
#	355	3	1	34800	12
#	356	3	1	34800	12
#	357	3	1	34800	12
#	358	3	1	34800	12
#	359	3	1	34800	12
#	360	3	1	34800	12
#	361	3	1	34800	12
#	362	3	1	34800	12
#	363	3	1	34800	12
#	364	3	1	34800	12
#	365	3	1	34800	12
#	366	3	1	34800	12
#	367	3	1	34800	12
#	368	3	1	34800	12
#	369	3	1	34800	12
#	370	3	1	34800	12
#	371	3	1	34800	12
#	372	3	1	34800	12
#	373	3	1	34800	12
#	374	3	1	34800	12
#	375	3	1	34800	12
#	376	3	1	34800	12
#	377	3	1	34800	12
#	378	3	1	34800	12
#	379	3	1	34800	12
#	380	3	1	34800	12
#	381	3	1	34800	12
#	382	3	1	34800	12
#	383	3	1	34800	12
#	384	3	1	34800	12
#	385	3	1	34800	12
#	386	3	1	34800	12
#	387	3	1	34800	12
#	388	3	1	34800	12
#	389	3	1	34800	12
#	390	3	1	34800	12
#	391	3	1	34800	12
#	392	3	1	34800	12
#	393	3	1	34800	12
#	394	3	1	34800	12
#	395	3	1	34800	12
#	396	3	1	34800	12
#	397	3	1	34800	12
#	398	3	1	34800	12
#	399	3	1	34800	12
#	400	3	1	34800	12
#	401	3	1	34800	12
#	402	3	1	34800	12
#	403	3	1	34800	12
#	404	3	1	34800	12
#	405	3	1	34800	12
#	406	3	1	34800	12
#	407	3	1	34800	12
#	408	3	1	34800	12
#	409	3	1	34800	12
#	410	3	1	34800	12
#	411	3	1	34800	12
#	412	3	1	34800	12
#	413	3	1	34800	12
#	414	3	1	34800	12
#	415	3	1	34800	12
#	416	3	1	34800	12
#	417	3	1	34800	12
#	418	3	1	34800	12
#	419	3	1	34800	12
#	420	3	1	34800	12
#	421	3	1	34800	12
#	422	3	1	34800	12
#	423	3	1	34800	12
#	424	3	1	34800	12
#	425	3	1	34800	12
#	426	3	1	34800	12
#	427	3	1	34800	12
#	428	3	1	34800	12
#	429	3	1	34800	12
#	430	3	1	34800	12
#	431	3	1	34800	12
#	432	3	1	34800	12
#	433	3	1	34800	12
#	434	3	1	34800	12
#	435	3	1	34800	12
#	436	3	1	34800	12
#	437	3	1	34800	12
#	438	3	1	34800	12
#	439	3	1	34800	12
#	440	3	1	34800	12
#	441	3	1	34800	12
#	442	3	1	34800	12
#	443	3	1	34800	12
#	444	3	1	34800	12
#	445	3	1	34800	12
#	446	3	1	34800	12
#	447	3	1	34800	12
#	448	3	1	34800	12
#	449	3	1	34800	12
#	450	3	1	34800	12
#	451	3	1	34800	12
#	452	3	1	34800	12
#	453	3	1	34800	12
#	454	3	1	34800	12
#	455	3	1	34800	12
#	456	3	1	34800	12
#	457	3	1	34800	12
#	458	3	1	34800	12
#	459	3	1	34800	12
#	460	3	1	34800	12
#	461	3	1	34800	12
#	462	3	1	34800	12
#	463	3	1	34800	12
#	464	3	1	34800	12
#	465	3	1	34800	12
#	466	3	1	34800	12
#	467	3	1	34800	12
#	468	3	1	34800	12
#	469	3	1	34800	12
#	470	3	1	34800	12
#	471	3	1	34800	12
#	472	3	1	34800	12
#	473	3	1	34800	12
#	474	3	1	34800	12
#	475	3	1	34800	12
#	476	3	1	34800	12
#	477	3	1	34800	12
#	478	3	1	34800	12
#	479	3	1	34800	12
#	480	3	1	34800	12
#	481	3	1	34800	12
#	482	3	1	34800	12
#	483	3	1	34800	12
#	484	3	1	34800	12
#	485	3	1	34800	12
#	486	3	1	34800	12
#	487	3	1	34800	12
#	488	3	1	34800	12
#	489	3	1	34800	12
#	490	3	1	34800	12
#	491	3	1	34800	12
#	492	3	1	34800	12
#	493	3	1	34800	12
#	494	3	1	34800	12
#	495	3	1	34800	12
#	496	3	1	34800	12
#	497	3	1	34800	12
#	498	3	1	34800	12
#	499	3	1	34800	12
#	500	3	1	34800	12
#	501	3	1	34800	12
#	502	3	1	34800	12
#	503	3	1	34800	12
#	504	3	1	34800	12
#	505	3	1	34800	12
#	506	3	1	34800	12
#	507	3	1	34800	12
#	508	3	1	34800	12
#	509	3	1	34800	12
#	510	3	1	34800	12
#	511	3	1	34800	12
#	512	3	1	34800	12
#	513	3	1	34800	12
#	514	3	1	34800	12
#	515	3	1	34800	12
#	516	3	1	34800	12
#	517	3	1	34800	12
#	518	3	1	34800	12
#	519	3	1	34800	12
#	520	3	1	34800	12
#	521	3	1	34800	12
#	522	3	1	34800	12
#	523	3	1	34800	12
#	524	3	1	34800	12
#	525	3	1	34800	12
#	526	3	1	34800	12
#	527	3	1	34800	12
#	528	3	1	34800	12
#	529	3	1	34800	12
#	530	3	1	34800	12
#	531	3	1	34800	12
#	532	3	1	34800	12
#	533	3	1	34800	12
#	534	3	1	34800	12
#	535	3	1	34800	12
#	536	3	1	34800	12
#	537	3	1	34800	12
#	538	3	1	34800	12
#	539	3	1	34800	12
#	540	3	1	34800	12
#	541	3	1	34800	12
#	542	3	1	34800	12
#	543	3	1	34800	12
#	544	3	1	34800	12
#	545	3	1	34800	12
#	546	3	1	34800	12
#	547	3	1	34800	12
#	548	3	1	34800	12
#	549	3	1	34800	12
#	550	3	1	34800	12
#	551	3	1	34800	12
#	552	3	1	34800	12
#	553	3	1	34800	12
#	554	3	1	34800	12
#	555	3	1	34800	12
#	556	3	1	34800	12
#	557	3	1	34800	12
#	558	3	1	34800	12
#	559	3	1	34800	12
#	560	3	1	34800	12
#	561	3	1	34800	12
#	562	3	1	34800	12
#	563	3	1	34800	12
#	564	3	1	34800	12
#	565	3	1	34800	12
#	566	3	1	34800	12
#	567	3	1	34800	12
#	568	3	1	34800	12
#	569	3	1	34800	12
#	570	3	1	34800	12
#	571	3	1	34800	12
#	572	3	1	34800	12
#	573	3	1	34800	12
#	574	3	1	34800	12
#	575	3	1	34800	12
#	576	3	1	34800	12
#	577	3	1	34800	12
#	578	3	1	34800	12
#	579	3	1	34800	12
#	580	3	1	34800	12
#	581	3	1	34800	12
#	582	3	1	34800	12
#	583	3	1	34800	12
#	584	3	1	34800	12
#	585	3	1	34800	12
#	586	3	1	34800	12
#	587	3	1	34800	12
#	588	3	1	34800	12
#	589	3	1	34800	12
#	590	3	1	34800	12
#	591	3	1	34800	12
#	592	3	1	34800	12
#	593	3	1	34800	12
#	594	3	1	34800	12
#	595	3	1	34800	12
#	596	3	1	34800	12
#	597	3	1	34800	12
#	598	3	1	34800	12
#	599	3	1	34800	12
#	600	3	1	34800	12
#	601	3	1	34800	12
#	602	3	1	34800	12
#	603	3	1	34800	12
#	604	3	1	34800	12
#	605	3	1	34800	12
#	606	3	1	34800	12
#	607	3	1	34800	12
#	608	3	1	34800	12
#	609	3	1	34800	12
#	610	3	1	34800	12
#	611	3	1	34800	12
#	612	3	1	34800	12
#	613	3	1	34800	12
#	614	3	1	34800	12
#	615	3	1	34800	12
#	616	3	1	34800	12
#	617	3	1	34800	12
#	618	3	1	34800	12
#	619	3	1	34800	12
#	620	3	1	34800	12
#	621	3	1	34800	12
#	622	3	1	34800	12
#	623	3	1	34800	12
#	624	3	1	34800	12
#	625	3	1	34800	12
#	626	3	1	34800	12
#	627	3	1	34800	12
#	628	3	1	34800	12
#	629	3	1	34800	12
#	630	3	1	34800	12
#	631	3	1	34800	12
#	632	3	1	34800	12
#	633	3	1	34800	12
#	634	3	1	34800	12
#	635	3	1	34800	12
#	636	3	1	34800	12
#	637	3	1	34800	12
#	638	3	1	34800	12
#	639	3	1	34800	12
#	640	3	1	34800	12
#	641	3	1	34800	12
#	642	3	1	34800	12
#	643	3	1	34800	12
#	644	3	1	34800	12
#	645	3	1	34800	12
#	646	3	1	34800	12
#	647	3	1	34800	12
#	648	3	1	34800	12
#	649	3	1	34800	12
#	650	3	1	34800	12
#	651	3	1	34800	12
#	652	3	1	34800	12
#	653	3	1	34800	12
#	654	3	1	34800	12
#	655	3	1	34800	12
#	656	3	1	34800	12
#	657	3	1	34800	12
#	658	3	1	34800	12
#	659	3	1	34800	12
#	660	3	1	34800	12
#	661	3	1	34800	12
#	662	3	1	34800	12
#	663	3	1	34800	12
#	664	3	1	34800	12
#	665	3	1	34800	12
#	666	3	1	34800	12
#	667	3	1	34800	12
#	668	3	1	34800	12
#	669	3	1	34800	12
#	670	3	1	34800	12
#	671	3	1	34800	12
#	672	3	1	34800	12
#	673	3	1	34800	12
#	674	3	1	34800	12
#	675	3	1	34800	12
#	676	3	1	34800	12
#	677	3	1	34800	12
#	678	3	1	34800	12
#	679	3	1	34800	12
#	680	3	1	34800	12
#	681	3	1	34800	12
#	682	3	1	34800	12
#	683	3	1	34800	12
#	684	3	1	34800	12
#	685	3	1	34800	12
#	686	3	1	34800	12
#	687	3	1	34800	12
#	688	3	1	34800	12
#	689	3	1	34800	12
#	690	3	1	34800	12
#	691	3	1	34800	12
#	692	3	1	34800	12
#	693	3	1	34800	12
#	694	3	1	34800	12
#	695	3	1	34800	12
#	696	3	1	34800	12
#	697	3	1	34800	12
#	698	3	1	34800	12
#	699	3	1	34800	12
#	700	3	1	34800	12
#	701	3	1	34800	12
#	702	3	1	34800	12
#	703	3	1	34800	12
#	704	3	1	34800	12
#	705	3	1	34800	12
#	706	3	1	34800	12
#	707	3	1	34800	12
#	708	3	1	34800	12
#	709	3	1	34800	12
#	710	3	1	34800	12
#	711	3	1	34800	12
#	712	3	1	34800	12
#	713	3	1	34800	12
#	714	3	1	34800	12
#	715	3	1	34800	12
#	716	3	1	34800	12
#	717	3	1	34800	12
#	718	3	1	34800	12
#	719	3	1	34800	12
#	720	3	1	34800	12
#	721	3	1	34800	12
#	722	3	1	34800	12
#	723	3	1	34800	12
#	724	3	1	34800	12
#	725	3	1	34800	12
#	726	3	1	34800	12
#	727	3	1	34800	12
#	728	3	1	34800	12
#	729	3	1	34800	12
#	730	3	1	34800	12
#	731	3	1	34800	12
#	732	3	1	34800	12
#	733	3	1	34800	12
#	734	3	1	34800	12
#	735	3	1	34800	12
#	736	3	1	34800	12
#	737	3	1	34800	12
#	738	3	1	34800	12
#	739	3	1	34800	12
#	740	3	1	34800	12
#	741	3	1	34800	12
#	742	3	1	34800	12
#	743	3	1	34800	12
#	744	3	1	34800	12
#	745	3	1	34800	12
#	746	3	1	34800	12
#	747	3	1	34800	12
#	748	3	1	34800	12
#	749	3	1	34800	12
#	750	3	1	34800	12
#	751	3	1	34800	12
#	752	3	1	34800	12
#	753	3	1	34800	12
#	754	3	1	34800	12
#	755	3	1	34800	12
#	756	3	1	34800	12
#	757	3	1	34800	12
#	758	3	1	34800	12
#	759	3	1	34800	12
#	760	3	1	34800	12
#	761	3	1	34800	12
#	762	3	1	34800	12
#	763	3	1	34800	12
#	764	3	1	34800	12
#	765	3	1	34800	12
#	766	3	1	34800	12
#	767	3	1	34800	12
#	768	3	1	34800	12
#	769	3	1	34800	12
#	770	3	1	34800	12
#	771	3	1	34800	12
#	772	3	1	34800	12
#	773	3	1	34800	12
#	774	3	1	34800	12
#	775	3	1	34800	12
#	776	3	1	34800	12
#	777	3	1	34800	12
#	778	3	1	34800	12
#	779	3	1	34800	12
#	780	3	1	34800	12
#	781	3	1	34800	12
#	782	3	1	34800	12
#	783	3	1	34800	12
#	784	3	1	34800	12
#	785	3	1	34800	12
#	786	3	1	34800	12
#	787	3	1	34800	12
#	788	3	1	34800	12
#	789	3	1	34800	12
#	790	3	1	34800	12
#	791	3	1	34800	12
#	792	3	1	34800	12
#	793	3	1	34800	12
#	794	3	1	34800	12
#	795	3	1	34800	12
#	796	3	1	34800	12
#	797	3	1	34800	12
#	798	3	1	34800	12
#	799	3	1	34800	12
#	800	3	1	34800	12
#	801	3	1	34800	12
#	802	3	1	34800	12
#	803	3	1	34800	12
#	804	3	1	34800	12
#	805	3	1	34800	12
#	806	3	1	34800	12
#	807	3	1	34800	12
#	808	3	1	34800	12
#	809	3	1	34800	12
#	810	3	1	34800	12
#	811	3	1	34800	12
#	812	3	1	34800	12
#	813	3	1	34800	12
#	814	3	1	34800	12
#	815	3	1	34800	12
#	816	3	1	34800	12
#	817	3	1	34800	12
#	818	3	1	34800	12
#	819	3	1	34800	12
#	820	3	1	34800	12
#	821	3	1	34800	12
#	822	3	1	34800	12
#	823	3	1	34800	12
#	824	3	1	34800	12
#	825	3	1	34800	12
#	826	3	1	34800	12
#	827	3	1	34800	12
#	828	3	1	34800	12
#	829	3	1	34800	12
#	830	3	1	34800	12
#	831	3	1	34800	12
#	832	3	1	34800	12
#	833	3	1	34800	12
#	834	3	1	34800	12
#	835	3	1	34800	12
#	836	3	1	34800	12
#	837	3	1	34800	12
#	838	3	1	34800	12
#	839	3	1	34800	12
#	840	3	1	34800	12
#	841	3	1	34800	12
#	842	3	1	34800	12
#	843	3	1	34800	12
#	844	3	1	34800	12
#	845	3	1	34800	12
#	846	3	1	34800	12
#	847	3	1	34800	12
#	848	3	1	34800	12
#	849	3	1	34800	12
#	850	3	1	34800	12
#	851	3	1	34800	12
#	852	3	1	34800	12
#	853	3	1	34800	12
#	854	3	1	34800	12
#	855	3	1	34800	12
#	856	3	1	34800	12
#	857	3	1	34800	12
#	858	3	1	34800	12
#	859	3	1	34800	12
#	860	3	1	34800	12
#	861	3	1	34800	12
#	862	3	1	34800	12
#	863	3	1	34800	12
#	864	3	1	34800	12
#	865	3	1	34800	12
#	866	3	1	34800	12
#	867	3	1	34800	12
#	868	3	1	34800	12
#	869	3	1	34800	12
#	870	3	1	34800	12
#	871	3	1	34800	12
#	872	3	1	34800	12
#	873	3	1	34800	12
#	874	3	1	34800	12
#	875	3	1	34800	12
#	876	3	1	34800	12
#	877	3	1	34800	12
#	878	3	1	34800	12
#	879	3	1	34800	12
#	880	3	1	34800	12
#	881	3	1	34800	12
#	882	3	1	34800	12
#	883	3	1	34800	12
#	884	3	1	34800	12
#	885	3	1	34800	12
#	886	3	1	34800	12
#	887	3	1	34800	12
#	888	3	1	34800	12
#	889	3	1	34800	12
#	890	3	1	34800	12
#	891	3	1	34800	12
#	892	3	1	34800	12
#	893	3	1	34800	12
#	894	3	1	34800	12
#	895	3	1	34800	12
#	896	3	1	34800	12
#	897	3	1	34800	12
#	898	3	1	34800	12
#	899	3	1	34800	12
#	900	3	1	34800	12
#	901	3	1	34800	12
#	902	3	1	34800	12
#	903	3	1	34800	12
#	904	3	1	34800	12
#	905	3	1	34800	12
#	906	3	1	34800	12
#	907	3	1	34800	12
#	908	3	1	34800	12
#	909	3	1	34800	12
#	910	3	1	34800	12
#	911	3	1	34800	12
#	912	3	1	34800	12
#	913	3	1	34800	12
#	914	3	1	34800	12
#	915	3	1	34800	12
#	916	3	1	34800	12
#	917	3	1	34800	12
#	918	3	1	34800	12
#	919	3	1	34800	12
#	920	3	1	34800	12
#	921	3	1	34800	12
#	922	3	1	34800	12
#	923	3	1	34800	12
#	924	3	1	34800	12
#	925	3	1	34800	12
#	926	3	1	34800	12
#	927	3	1	34800	12
#	928	3	1	34800	12
#	929	3	1	34800	12
#	930	3	1	34800	12
#	931	3	1	34800	12
#	932	3	1	34800	12
#	933	3	1	34800	12
#	934	3	1	34800	12
#	935	3	1	34800	12
#	936	3	1	34800	12
#	937	3	1	34800	12
#	938	3	1	34800	12
#	939	3	1	34800	12
#	940	3	1	34800	12
#	941	3	1	34800	12
#	942	3	1	34800	12
#	943	3	1	34800	12
#	944	3	1	34800	12
#	945	3	1	34800	12
#	946	3	1	34800	12
#	947	3	1	34800	12
#	948	3	1	34800	12
#	949	3	1	34800	12
#	950	3	1	34800	12
#	951	3	1	34800	12
#	952	3	1	34800	12
#	953	3	1	34800	12
#	954	3	1	34800	12
#	955	3	1	34800	12
#	956	3	1	34800	12
#	957	3	1	34800	12
#	958	3	1	34800	12
#	959	3	1	34800	12
#	960	3	1	34800	12
#	961	3	1	34800	12
#	962	3	1	34800	12
#	963	3	1	34800	12
#	964	3	1	34800	12
#	965	3	1	34800	12
#	966	3	1	34800	12
#	967	3	1	34800	12
#	968	3	1	34800	12
#	969	3	1	34800	12
#	970	3	1	34800	12
#	971	3	1	34800	12
#	972	3	1	34800	12
#	973	3	1	34800	12
#	974	3	1	34800	12
#	975	3	1	34800	12
#	976	3	1	34800	12
#	977	3	1	34800	12
#	978	3	1	34800	12
#	979	3	1	34800	12
#	980	3	1	34800	12
#	981	3	1	34800	12
#	982	3	1	34800	12
#	983	3	1	34800	12
#	984	3	1	34800	12
#	985	3	1	34800	12
#	986	3	1	34800	12
#	987	3	1	34800	12
#	988	3	1	34800	12
#	989	3	1	34800	12
#	990	3	1	34800	12
#	991	3	1	34800	12
#	992	3	1	34800	12
#	993	3	1	34800	12
#	994	3	1	34800	12
#	995	3	1	34800	12
#	996	3	1	34800	12
#	997	3	1	34800	12
#	998	3	1	34800	12
#	999	3	1	34800	12
#	1000	3	1	34800	12
#	1001	3	1	34800	12
#	1002	3	1	34800	12
#	1003	3	1	34800	12
#	1004	3	1	34800	12
#	1005	3	1	34800	12
#	1006	3	1	34800	12
#	1007	3	1	34800	12
#	1008	3	1	34800	12
#	1009	3	1	34800	12
#	1010	3	1	34800	12
#	1011	3	1	34800	12
#	1012	3	1	34800	12
#	1013	3	1	34800	12
#	1014	3	1	34800	12
#	1015	3	1	34800	12
#	1016	3	1	34800	12
#	1017	3	1	34800	12
#	1018	3	1	34800	12
#	1019	3	1	34800	12
#	1020	3	1	34800	12
#	1021	3	1	34800	12
#	1022	3	1	34800	12
#	1023	3	1	34800	12
#	1024	3	1	34800	12
#	1025	3	1	34800	12
#	1026	3	1	34800	12
#	1027	3	1	34800	12
#	1028	3	1	34800	12
#	1029	3	1	34800	12
#	1030	3	1	34800	12
#	1031	3	1	34800	12
#	1032	3	1	34800	12
#	1033	3	1	34800	12
#	1034	3	1	34800	12
#	1035	3	1	34800	12
#	1036	3	1	34800	12
#	1037	3	1	34800	12
#	1038	3	1	34800	12
#	1039	3	1	34800	12
#	1040	3	1	34800	12
#	1041	3	1	34800	12
#	1042	3	1	34800	12
#	1043	3	1	34800	12
#	1044	3	1	34800	12
#	1045	3	1	34800	12
#	1046	3	1	34800	12
#	1047	3	1	34800	12
#	1048	3	1	34800	12
#	1049	3	1	34800	12
#	1050	3	1	34800	12
#	1051	3	1	34800	12
#	1052	3	1	34800	12
#	1053	3	1	34800	12
#	1054	3	1	34800	12
#	1055	3	1	34800	12
#	1056	3	1	34800	12
#	1057	3	1	34800	12
#	1058	3	1	34800	12
#	1059	3	1	34800	12
#	1060	3	1	34800	12
#	1061	3	1	34800	12
#	1062	3	1	34800	12
#	1063	3	1	34800	12
#	1064	3	1	34800	12
#	1065	3	1	34800	12
#	1066	3	1	34800	12
#	1067	3	1	34800	12
#	1068	3	1	34800	12
#	1069	3	1	34800	12
#	1070	3	1	34800	12
#	1071	3	1	34800	12
#	1072	3	1	34800	12
#	1073	3	1	34800	12
#	1074	3	1	34800	12
#	1075	3	1	34800	12
#	1076	3	1	34800	12
#	1077	3	1	34800	12
#	1078	3	1	34800	12
#	1079	3	1	34800	12
#	1080	3	1	34800	12
#	1081	3	1	34800	12
#	1082	3	1	34800	12
#	1083	3	1	34800	12
#	1084	3	1	34800	12
#	1085	3	1	34800	12
#	1086	3	1	34800	12
#	1087	3	1	34800	12
#	1088	3	1	34800	12
#	1089	3	1	34800	12
#	1090	3	1	34800	12
#	1091	3	1	34800	12
#	1092	3	1	34800	12
#	1093	3	1	34800	12
#	1094	3	1	34800	12
#	1095	3	1	34800	12
#	1096	3	1	34800	12
#	1097	3	1	34800	12
#	1098	3	1	34800	12
#	1099	3	1	34800	12
#	1100	3	1	34800	12
#	1101	3	1	34800	12
#	1102	3	1	34800	12
#	1103	3	1	34800	12
#	1104	3	1	34800	12
#	1105	3	1	34800	12
#	1106	3	1	34800	12
#	1107	3	1	34800	12
#	1108	3	1	34800	12
#	1109	3	1	34800	12
#	1110	3	1	34800	12
#	1111	3	1	34800	12
#	1112	3	1	34800	12
#	1113	3	1	34800	12
#	1114	3	1	34800	12
#	1115	3	1	34800	12
#	1116	3	1	34800	12
#	1117	3	1	34800	12
#	1118	3	1	34800	12
#	1119	3	1	34800	12
#	1120	3	1	34800	12
#	1121	3	1	34800	12
#	1122	3	1	34800	12
#	1123	3	1	34800	12
#	1124	3	1	34800	12
#	1125	3	1	34800	12
#	1126	3	1	34800	12
#	1127	3	1	34800	12
#	1128	3	1	34800	12
#	1129	3	1	34800	12
#	1130	3	1	34800	12
#	1131	3	1	34800	12
#	1132	3	1	34800	12
#	1133	3	1	34800	12
#	1134	3	1	34800	12
#	1135	3	1	34800	12
#	1136	3	1	34800	12
#	1137	3	1	34800	12
#	1138	3	1	34800	12
#	1139	3	1	34800	12
#	1140	3	1	34800	12
#	1141	3	1	34800	12
#	1142	3	1	34800	12
#	1143	3	1	34800	12
#	1144	3	1	34800	12
#	1145	3	1	34800	12
#	1146	3	1	34800	12
#	1147	3	1	34800	12
#	1148	3	1	34800	12
#	1149	3	1	34800	12
#	1150	3	1	34800	12
#	1151	3	1	34800	12
#	1152	3	1	34800	12
#	1153	3	1	34800	12
#	1154	3	1	34800	12
#	1155	3	1	34800	12
#	1156	3	1	34800	12
#	1157	3	1	34800	12
#	1158	3	1	34800	12
#	1159	3	1	34800	12
#	1160	3	1	34800	12
#	1161	3	1	34800	12
#	1162	3	1	34800	12
#	1163	3	1	34800	12
#	1164	3	1	34800	12
#	1165	3	1	34800	12
#	1166	3	1	34800	12
#	1167	3	1	34800	12
#	1168	3	1	34800	12
#	1169	3	1	34800	12
#	1170	3	1	34800	12
#	1171	3	1	34800	12
#	1172	3	1	34800	12
#	1173	3	1	34800	12
#	1174	3	1	34800	12
#	1175	3	1	34800	12
#	1176	3	1	34800	12
#	1177	3	1	34800	12
#	1178	3	1	34800	12
#	1179	3	1	34800	12
#	1180	3	1	34800	12
#	1181	3	1	34800	12
#	1182	3	1	34800	12
#	1183	3	1	34800	12
#	1184	3	1	34800	12
#	1185	3	1	34800	12
#	1186	3	1	34800	12
#	1187	3	1	34800	12
#	1188	3	1	34800	12
#	1189	3	1	34800	12
#	1190	3	1	34800	12
#	1191	3	1	34800	12
#	1192	3	1	34800	12
#	1193	3	1	34800	12
#	1194	3	1	34800	12
#	1195	3	1	34800	12
#	1196	3	1	34800	12
#	1197	3	1	34800	12
#	1198	3	1	34800	12
#	1199	3	1	34800	12
#	1200	3	1	34800	12
#	1201	3	1	34800	12
#	1202	3	1	34800	12
#	1203	3	1	34800	12
#	1204	3	1	34800	12
#	1205	3	1	34800	12
#	1206	3	1	34800	12
#	1207	3	1	34800	12
#	1208	3	1	34800	12
#	1209	3	1	34800	12
#	1210	3	1	34800	12
#	1211	3	1	34800	12
#	1212	3	1	34800	12
#	1213	3	1	34800	12
#	1214	3	1	34800	12
#	1215	3	1	34800	12
#	1216	3	1	34800	12
#	1217	3	1	34800	12
#	1218	3	1	34800	12
#	1219	3	1	34800	12
#	1220	3	1	34800	12
#	1221	3	1	34800	12
#	1222	3	1	34800	12
#	1223	3	1	34800	12
#	1224	3	1	34800	12
#	1225	3	1	34800	12
#	1226	3	1	34800	12
#	1227	3	1	34800	12
#	1228	3	1	34800	12
#	1229	3	1	34800	12
#	1230	3	1	34800	12
#	1231	3	1	34800	12
#	1232	3	1	34800	12
#	1233	3	1	34800	12
#	1234	3	1	34800	12
#	1235	3	1	34800	12
#	1236	3	1	34800	12
#	1237	3	1	34800	12
#	1238	3	1	34800	12
#	1239	3	1	34800	12
#	1240	3	1	34800	12
#	1241	3	1	34800	12
#	1242	3	1	34800	12
#	1243	3	1	34800	12
#	1244	3	1	34800	12
#	1245	3	1	34800	12
#	1246	3	1	34800	12
#	1247	3	1	34800	12
#	1248	3	1	34800	12
#	1249	3	1	34800	12
#	1250	3	1	34800	12
#	1251	3	1	34800	12
#	1252	3	1	34800	12
#	1253	3	1	34800	12
#	1254	3	1	34800	12
#	1255	3	1	34800	12
#	1256	3	1	34800	12
#	1257	3	1	34800	12
#	1258	3	1	34800	12
#	1259	3	1	34800	12
#	1260	3	1	34800	12
#	1261	3	1	34800	12
#	1262	3	1	34800	12
#	1263	3	1	34800	12
#	1264	3	1	34800	12
#	1265	3	1	34800	12
#	1266	3	1	34800	12
#	1267	3	1	34800	12
#	1268	3	1	34800	12
#	1269	3	1	34800	12
#	1270	3	1	34800	12
#	1271	3	1	34800	12
#	1272	3	1	34800	12
#	1273	3	1	34800	12
#	1274	3	1	34800	12
#	1275	3	1	34800	12
#	1276	3	1	34800	12
#	1277	3	1	34800	12
#	1278	3	1	34800	12
#	1279	3	1	34800	12
#	1280	3	1	34800	12
#	1281	3	1	34800	12
#	1282	3	1	34800	12
#	1283	3	1	34800	12
#	1284	3	1	34800	12
#	1285	3	1	34800	12
#	1286	3	1	34800	12
#	1287	3	1	34800	12
#	1288	3	1	34800	12
#	1289	3	1	34800	12
#	1290	3	1	34800	12
#	1291	3	1	34800	12
#	1292	3	1	34800	12
#	1293	3	1	34800	12
#	1294	3	1	34800	12
#	1295	3	1	34800	12
#	1296	3	1	34800	12
#	1297	3	1	34800	12
#	1298	3	1	34800	12
#	1299	3	1	34800	12
#	1300	3	1	34800	12
#	1301	3	1	34800	12
#	1302	3	1	34800	12
#	1303	3	1	34800	12
#	1304	3	1	34800	12
#	1305	3	1	34800	12
#	1306	3	1	34800	12
#	1307	3	1	34800	12
#	1308	3	1	34800	12
#	1309	3	1	34800	12
#	1310	3	1	34800	12
#	1311	3	1	34800	12
#	1312	3	1	34800	12
#	1313	3	1	34800	12
#	1314	3	1	34800	12
#	1315	3	1	34800	12
#	1316	3	1	34800	12
#	1317	3	1	34800	12
#	1318	3	1	34800	12
#	1319	3	1	34800	12
#	1320	3	1	34800	12
#	1321	3	1	34800	12
#	1322	3	1	34800	12
#	1323	3	1	34800	12
#	1324	3	1	34800	12
#	1325	3	1	34800	12
#	1326	3	1	34800	12
#	1327	3	1	34800	12
#	1328	3	1	34800	12
#	1329	3	1	34800	12
#	1330	3	1	34800	12
#	1331	3	1	34800	12
#	1332	3	1	34800	12
#	1333	3	1	34800	12
#	1334	3	1	34800	12
#	1335	3	1	34800	12
#	1336	3	1	34800	12
#	1337	3	1	34800	12
#	1338	3	1	34800	12
#	1339	3	1	34800	12
#	1340	3	1	34800	12
#	1341	3	1	34800	12
#	1342	3	1	34800	12
#	1343	3	1	34800	12
#	1344	3	1	34800	12
#	1345	3	1	34800	12
#	1346	3	1	34800	12
#	1347	3	1	34800	12
#	1348	3	1	34800	12
#	1349	3	1	34800	12
#	1350	3	1	34800	12
#	1351	3	1	34800	12
#	1352	3	1	34800	12
#	1353	3	1	34800	12
#	1354	3	1	34800	12
#	1355	3	1	34800	12
#	1356	3	1	34800	12
#	1357	3	1	34800	12
#	1358	3	1	34800	12
#	1359	3	1	34800	12
#	1360	3	1	34800	12
#	1361	3	1	34800	12
#	1362	3	1	34800	12
#	1363	3	1	34800	12
#	1364	3	1	34800	12
#	1365	3	1	34800	12
#	1366	3	1	34800	12
#	1367	3	1	34800	12
#	1368	3	1	34800	12
#	1369	3	1	34800	12
#	1370	3	1	34800	12
#	1371	3	1	34800	12
#	1372	3	1	34800	12
#	1373	3	1	34800	12
#	1374	3	1	34800	12
#	1375	3	1	34800	12
#	1376	3	1	34800	12
#	1377	3	1	34800	12
#	1378	3	1	34800	12
#	1379	3	1	34800	12
#	1380	3	1	34800	12
#	1381	3	1	34800	12
#	1382	3	1	34800	12
#	1383	3	1	34800	12
#	1384	3	1	34800	12
#	1385	3	1	34800	12
#	1386	3	1	34800	12
#	1387	3	1	34800	12
#	1388	3	1	34800	12
#	1389	3	1	34800	12
#	1390	3	1	34800	12
#	1391	3	1	34800	12
#	1392	3	1	34800	12
#	1393	3	1	34800	12
#	1394	3	1	34800	12
#	1395	3	1	34800	12
#	1396	3	1	34800	12
#	1397	3	1	34800	12
#	1398	3	1	34800	12
#	1399	3	1	34800	12
#	1400	3	1	34800	12
#	1401	3	1	34800	12
#	1402	3	1	34800	12
#	1403	3	1	34800	12
#	1404	3	1	34800	12
#	1405	3	1	34800	12
#	1406	3	1	34800	12
#	1407	3	1	34800	12
#	1408	3	1	34800	12
#	1409	3	1	34800	12
#	1410	3	1	34800	12
#	1411	3	1	34800	12
#	1412	3	1	34800	12
#	1413	3	1	34800	12
#	1414	3	1	34800	12
#	1415	3	1	34800	12
#	1416	3	1	34800	12
#	1417	3	1	34800	12
#	1418	3	1	34800	12
#	1419	3	1	34800	12
#	1420	3	1	34800	12
#	1421	3	1	34800	12
#	1422	3	1	34800	12
#	1423	3	1	34800	12
#	1424	3	1	34800	12
#	1425	3	1	34800	12
#	1426	3	1	34800	12
#	1427	3	1	34800	12
#	1428	3	1	34800	12
#	1429	3	1	34800	12
#	1430	3	1	34800	12
#	1431	3	1	34800	12
#	1432	3	1	34800	12
#	1433	3	1	34800	12
#	1434	3	1	34800	12
#	1435	3	1	34800	12
#	1436	3	1	34800	12
#	1437	3	1	34800	12
#	1438	3	1	34800	12
#	1439	3	1	34800	12
#	1440	3	1	34800	12
#	1441	3	1	34800	12
#	1442	3	1	34800	12
#	1443	3	1	34800	12
#	1444	3	1	34800	12
#	1445	3	1	34800	12
#	1446	3	1	34800	12
#	1447	3	1	34800	12
#	1448	3	1	34800	12
#	1449	3	1	34800	12
#	1450	3	1	34800	12
#	1451	3	1	34800	12
#	1452	3	1	34800	12
#	1453	3	1	34800	12
#	1454	3	1	34800	12
#	1455	3	1	34800	12
#	1456	3	1	34800	12
#	1457	3	1	34800	12
#	1458	3	1	34800	12
#	1459	3	1	34800	12
#	1460	3	1	34800	12
#	1461	3	1	34800	12
#	1462	3	1	34800	12
#	1463	3	1	34800	12
#	1464	3	1	34800	12
#	1465	3	1	34800	12
#	1466	3	1	34800	12
#	1467	3	1	34800	12
#	1468	3	1	34800	12
#	1469	3	1	34800	12
#	1470	3	1	34800	12
#	1471	3	1	34800	12
#	1472	3	1	34800	12
#	1473	3	1	34800	12
#	1474	3	1	34800	12
#	1475	3	1	34800	12
#	1476	3	1	34800	12
#	1477	3	1	34800	12
#	1478	3	1	34800	12
#	1479	3	1	34800	12
#	1480	3	1	34800	12
#	1481	3	1	34800	12
#	1482	3	1	34800	12
#	1483	3	1	34800	12
#	1484	3	1	34800	12
#	1485	3	1	34800	12
#	1486	3	1	34800	12
#	1487	3	1	34800	12
#	1488	3	1	34800	12
#	1489	3	1	34800	12
#	1490	3	1	34800	12
#	1491	3	1	34800	12
#	1492	3	1	34800	12
#	1493	3	1	34800	12
#	1494	3	1	34800	12
#	1495	3	1	34800	12
#	1496	3	1	34800	12
#	1497	3	1	34800	12
#	1498	3	1	34800	12
#	1499	3	1	34800	12
#	1500	3	1	34800	12
#	1501	3	1	34800	12
#	1502	3	1	34800	12
#	1503	3	1	34800	12
#	1504	3	1	34800	12
#	1505	3	1	34800	12
#	1506	3	1	34800	12
#	1507	3	1	34800	12
#	1508	3	1	34800	12
#	1509	3	1	34800	12
#	1510	3	1	34800	12
#	1511	3	1	34800	12
#	1512	3	1	34800	12
#	1513	3	1	34800	12
#	1514	3	1	34800	12
#	1515	3	1	34800	12
#	1516	3	1	34800	12
#	1517	3	1	34800	12
#	1518	3	1	34800	12
#	1519	3	1	34800	12
#	1520	3	1	34800	12
#	1521	3	1	34800	12
#	1522	3	1	34800	12
#	1523	3	1	34800	12
#	1524	3	1	34800	12
#	1525	3	1	34800	12
#	1526	3	1	34800	12
#	1527	3	1	34800	12
#	1528	3	1	34800	12
#	1529	3	1	34800	12
#	1530	3	1	34800	12
#	1531	3	1	34800	12
#	1532	3	1	34800	12
#	1533	3	1	34800	12
#	1534	3	1	34800	12
#	1535	3	1	34800	12
#	1536	3	1	34800	12
#	1537	3	1	34800	12
#	1538	3	1	34800	12
#	1539	3	1	34800	12
#	1540	3	1	34800	12
#	1541	3	1	34800	12
#	1542	3	1	34800	12
#	1543	3	1	34800	12
#	1544	3	1	34800	12
#	1545	3	1	34800	12
#	1546	3	1	34800	12
#	1547	3	1	34800	12
#	1548	3	1	34800	12
#	1549	3	1	34800	12
#	1550	3	1	34800	12
#	1551	3	1	34800	12
#	1552	3	1	34800	12
#	1553	3	1	34800	12
#	1554	3	1	34800	12
#	1555	3	1	34800	12
#	1556	3	1	34800	12
#	1557	3	1	34800	12
#	1558	3	1	34800	12
#	1559	3	1	34800	12
#	1560	3	1	34800	12
#	1561	3	1	34800	12
#	1562	3	1	34800	12
#	1563	3	1	34800	12
#	1564	3	1	34800	12
#	1565	3	1	34800	12
#	1566	3	1	34800	12
#	1567	3	1	34800	12
#	1568	3	1	34800	12
#	1569	3	1	34800	12
#	1570	3	1	34800	12
#	1571	3	1	34800	12
#	1572	3	1	34800	12
#	1573	3	1	34800	12
#	1574	3	1	34800	12
#	1575	3	1	34800	12
#	1576	3	1	34800	12
#	1577	3	1	34800	12
#	1578	3	1	34800	12
#	1579	3	1	34800	12
#	1580	3	1	34800	12
#	1581	3	1	34800	12
#	1582	3	1	34800	12
#	1583	3	1	34800	12
#	1584	3	1	34800	12
#	1585	3	1	34800	12
#	1586	3	1	34800	12
#	1587	3	1	34800	12
#	1588	3	1	34800	12
#	1589	3	1	34800	12
#	1590	3	1	34800	12
#	1591	3	1	34800	12
#	1592	3	1	34800	12
#	1593	3	1	34800	12
#	1594	3	1	34800	12
#	1595	3	1	34800	12
#	1596	3	1	34800	12
#	1597	3	1	34800	12
#	1598	3	1	34800	12
#	1599	3	1	34800	12
#	1600	3	1	34800	12
#	1601	3	1	34800	12
#	1602	3	1	34800	12
#	1603	3	1	34800	12
#	1604	3	1	34800	12
#	1605	3	1	34800	12
#	1606	3	1	34800	12
#	1607	3	1	34800	12
#	1608	3	1	34800	12
#	1609	3	1	34800	12
#	1610	3	1	34800	12
#	1611	3	1	34800	12
#	1612	3	1	34800	12
#	1613	3	1	34800	12
#	1614	3	1	34800	12
#	1615	3	1	34800	12
#	1616	3	1	34800	12
#	1617	3	1	34800	12
#	1618	3	1	34800	12
#	1619	3	1	34800	12
#	1620	3	1	34800	12
#	1621	3	1	34800	12
#	1622	3	1	34800	12
#	1623	3	1	34800	12
#	1624	3	1	34800	12
#	1625	3	1	34800	12
#	1626	3	1	34800	12
#	1627	3	1	34800	12
#	1628	3	1	34800	12
#	1629	3	1	34800	12
#	1630	3	1	34800	12
#	1631	3	1	34800	12
#	1632	3	1	34800	12
#	1633	3	1	34800	12
#	1634	3	1	34800	12
#	1635	3	1	34800	12
#	1636	3	1	34800	12
#	1637	3	1	34800	12
#	1638	3	1	34800	12
#	1639	3	1	34800	12
#	1640	3	1	34800	12
#	1641	3	1	34800	12
#	1642	3	1	34800	12
#	1643	3	1	34800	12
#	1644	3	1	34800	12
#	1645	3	1	34800	12
#	1646	3	1	34800	12
#	1647	3	1	34800	12
#	1648	3	1	34800	12
#	1649	3	1	34800	12
#	1650	3	1	34800	12
#	1651	3	1	34800	12
#	1652	3	1	34800	12
#	1653	3	1	34800	12
#	1654	3	1	34800	12
#	1655	3	1	34800	12
#	1656	3	1	34800	12
#	1657	3	1	34800	12
#	1658	3	1	34800	12
#	1659	3	1	34800	12
#	1660	3	1	34800	12
#	1661	3	1	34800	12
#	1662	3	1	34800	12
#	1663	3	1	34800	12
#	1664	3	1	34800	12
#	1665	3	1	34800	12
#	1666	3	1	34800	12
#	1667	3	1	34800	12
#	1668	3	1	34800	12
#	1669	3	1	34800	12
#	1670	3	1	34800	12
#	1671	3	1	34800	12
#	1672	3	1	34800	12
#	1673	3	1	34800	12
#	1674	3	1	34800	12
#	1675	3	1	34800	12
#	1676	3	1	34800	12
#	1677	3	1	34800	12
#	1678	3	1	34800	12
#	1679	3	1	34800	12
#	1680	3	1	34800	12
#	1681	3	1	34800	12
#	1682	3	1	34800	12
#	1683	3	1	34800	12
#	1684	3	1	34800	12
#	1685	3	1	34800	12
#	1686	3	1	34800	12
#	1687	3	1	34800	12
#	1688	3	1	34800	12
#	1689	3	1	34800	12
#	1690	3	1	34800	12
#	1691	3	1	34800	12
#	1692	3	1	34800	12
#	1693	3	1	34800	12
#	1694	3	1	34800	12
#	1695	3	1	34800	12
#	1696	3	1	34800	12
#	1697	3	1	34800	12
#	1698	3	1	34800	12
#	1699	3	1	34800	12
#	1700	3	1	34800	12
#	1701	3	1	34800	12
#	1702	3	1	34800	12
#	1703	3	1	34800	12
#	1704	3	1	34800	12
#	1705	3	1	34800	12
#	1706	3	1	34800	12
#	1707	3	1	34800	12
#	1708	3	1	34800	12
#	1709	3	1	34800	12
#	1710	3	1	34800	12
#	1711	3	1	34800	12
#	1712	3	1	34800	12
#	1713	3	1	34800	12
#	1714	3	1	34800	12
#	1715	3	1	34800	12
#	1716	3	1	34800	12
#	1717	3	1	34800	12
#	1718	3	1	34800	12
#	1719	3	1	34800	12
#	1720	3	1	34800	12
#	1721	3	1	34800	12
#	1722	3	1	34800	12
#	1723	3	1	34800	12
#	1724	3	1	34800	12
#	1725	3	1	34800	12
#	1726	3	1	34800	12
#	1727	3	1	34800	12
#	1728	3	1	34800	12
#	1729	3	1	34800	12
#	1730	3	1	34800	12
#	1731	3	1	34800	12
#	1732	3	1	34800	12
#	1733	3	1	34800	12
#	1734	3	1	34800	12
#	1735	3	1	34800	12
#	1736	3	1	34800	12
#	1737	3	1	34800	12
#	1738	3	1	34800	12
#	1739	3	1	34800	12
#	1740	3	1	34800	12
#	1741	3	1	34800	12
#	1742	3	1	34800	12
#	1743	3	1	34800	12
#	1744	3	1	34800	12
#	1745	3	1	34800	12
#	1746	3	1	34800	12
#	1747	3	1	34800	12
#	1748	3	1	34800	12
#	1749	3	1	34800	12
#	1750	3	1	34800	12
#	1751	3	1	34800	12
#	1752	3	1	34800	12
#	1753	3	1	34800	12
#	1754	3	1	34800	12
#	1755	3	1	34800	12
#	1756	3	1	34800	12
#	1757	3	1	34800	12
#	1758	3	1	34800	12
#	1759	3	1	34800	12
#	1760	3	1	34800	12
#	1761	3	1	34800	12
#	1762	3	1	34800	12
#	1763	3	1	34800	12
#	1764	3	1	34800	12
#	1765	3	1	34800	12
#	1766	3	1	34800	12
#	1767	3	1	34800	12
#	1768	3	1	34800	12
#	1769	3	1	34800	12
#	1770	3	1	34800	12
#	1771	3	1	34800	12
#	1772	3	1	34800	12
#	1773	3	1	34800	12
#	1774	3	1	34800	12
#	1775	3	1	34800	12
#	1776	3	1	34800	12
#	1777	3	1	34800	12
#	1778	3	1	34800	12
#	1779	3	1	34800	12
#	1780	3	1	34800	12
#	1781	3	1	34800	12
#	1782	3	1	34800	12
#	1783	3	1	34800	12
#	1784	3	1	34800	12
#	1785	3	1	34800	12
#	1786	3	1	34800	12
#	1787	3	1	34800	12
#	1788	3	1	34800	12
#	1789	3	1	34800	12
#	1790	3	1	34800	12
#	1791	3	1	34800	12
#	1792	3	1	34800	12
#	1793	3	1	34800	12
#	1794	3	1	34800	12
#	1795	3	1	34800	12
#	1796	3	1	34800	12
#	1797	3	1	34800	12
#	1798	3	1	34800	12
#	1799	3	1	34800	12
#	1800	3	1	34800	12
#	1801	3	1	34800	12
#	1802	3	1	34800	12
#	1803	3	1	34800	12
#	1804	3	1	34800	12
#	1805	3	1	34800	12
#	1806	3	1	34800	12
#	1807	3	1	34800	12
#	1808	3	1	34800	12
#	1809	3	1	34800	12
#	1810	3	1	34800	12
#	1811	3	1	34800	12
#	1812	3	1	34800	12
#	1813	3	1	34800	12
#	1814	3	1	34800	12
#	1815	3	1	34800	12
#	1816	3	1	34800	12
#	1817	3	1	34800	12
#	1818	3	1	34800	12
#	1819	3	1	34800	12
#	1820	3	1	34800	12
#	1821	3	1	34800	12
#	1822	3	1	34800	12
#	1823	3	1	34800	12
#	1824	3	1	34800	12
#	1825	3	1	34800	12
#	1826	3	1	34800	12
#	1827	3	1	34800	12
#	1828	3	1	34800	12
#	1829	3	1	34800	12
#	1830	3	1	34800	12
#	1831	3	1	34800	12
#	1832	3	1	34800	12
#	1833	3	1	34800	12
#	1834	3	1	34800	12
#	1835	3	1	34800	12
#	1836	3	1	34800	12
#	1837	3	1	34800	12
#	1838	3	1	34800	12
#	1839	3	1	34800	12
#	1840	3	1	34800	12
#	1841	3	1	34800	12
#	1842	3	1	34800	12
#	1843	3	1	34800	12
#	1844	3	1	34800	12
#	1845	3	1	34800	12
#	1846	3	1	34800	12
#	1847	3	1	34800	12
#	1848	3	1	34800	12
#	1849	3	1	34800	12
#	1850	3	1	34800	12
#	1851	3	1	34800	12
#	1852	3	1	34800	12
#	1853	3	1	34800	12
#	1854	3	1	34800	12
#	1855	3	1	34800	12
#	1856	3	1	34800	12
#	1857	3	1	34800	12
#	1858	3	1	34800	12
#	1859	3	1	34800	12
#	1860	3	1	34800	12
#	1861	3	1	34800	12
#	1862	3	1	34800	12
#	1863	3	1	34800	12
#	1864	3	1	34800	12
#	1865	3	1	34800	12
#	1866	3	1	34800	12
#	1867	3	1	34800	12
#	1868	3	1	34800	12
#	1869	3	1	34800	12
#	1870	3	1	34800	12
#	1871	3	1	34800	12
#	1872	3	1	34800	12
#	1873	3	1	34800	12
#	1874	3	1	34800	12
#	1875	3	1	34800	12
#	1876	3	1	34800	12
#	1877	3	1	34800	12
#	1878	3	1	34800	12
#	1879	3	1	34800	12
#	1880	3	1	34800	12
#	1881	3	1	34800	12
#	1882	3	1	34800	12
#	1883	3	1	34800	12
#	1884	3	1	34800	12
#	1885	3	1	34800	12
#	1886	3	1	34800	12
#	1887	3	1	34800	12
#	1888	3	1	34800	12
#	1889	3	1	34800	12
#	1890	3	1	34800	12
#	1891	3	1	34800	12
#	1892	3	1	34800	12
#	1893	3	1	34800	12
#	1894	3	1	34800	12
#	1895	3	1	34800	12
#	1896	3	1	34800	12
#	1897	3	1	34800	12
#	1898	3	1	34800	12
#	1899	3	1	34800	12
#	1900	3	1	34800	12
#	1901	3	1	34800	12
#	1902	3	1	34800	12
#	1903	3	1	34800	12
#	1904	3	1	34800	12
#	1905	3	1	34800	12
#	1906	3	1	34800	12
#	1907	3	1	34800	12
#	1908	3	1	34800	12
#	1909	3	1	34800	12
#	1910	3	1	34800	12
#	1911	3	1	34800	12
#	1912	3	1	34800	12
#	1913	3	1	34800	12
#	1914	3	1	34800	12
#	1915	3	1	34800	12
#	1916	3	1	34800	12
#	1917	3	1	34800	12
#	1918	3	1	34800	12
#	1919	3	1	34800	12
#	1920	3	1	34800	12
#	1921	3	1	34800	12
#	1922	3	1	34800	12
#	1923	3	1	34800	12
#	1924	3	1	34800	12
#	1925	3	1	34800	12
#	1926	3	1	34800	12
#	1927	3	1	34800	12
#	1928	3	1	34800	12
#	1929	3	1	34800	12
#	1930	3	1	34800	12
#	1931	3	1	34800	12
#	1932	3	1	34800	12
#	1933	3	1	34800	12
#	1934	3	1	34800	12
#	1935	3	1	34800	12
#	1936	3	1	34800	12
#	1937	3	1	34800	12
#	1938	3	1	34800	12
#	1939	3	1	34800	12
#	1940	3	1	34800	12
#	1941	3	1	34800	12
#	1942	3	1	34800	12
#	1943	3	1	34800	12
#	1944	3	1	34800	12
#	1945	3	1	34800	12
#	1946	3	1	34800	12
#	1947	3	1	34800	12
#	1948	3	1	34800	12
#	1949	3	1	34800	12
#	1950	3	1	34800	12
#	1951	3	1	34800	12
#	1952	3	1	34800	12
#	1953	3	1	34800	12
#	1954	3	1	34800	12
#	1955	3	1	34800	12
#	1956	3	1	34800	12
#	1957	3	1	34800	12
#	1958	3	1	34800	12
#	1959	3	1	34800	12
#	1960	3	1	34800	12
#	1961	3	1	34800	12
#	1962	3	1	34800	12
#	1963	3	1	34800	12
#	1964	3	1	34800	12
#	1965	3	1	34800	12
#	1966	3	1	34800	12
#	1967	3	1	34800	12
#	1968	3	1	34800	12
#	1969	3	1	34800	12
#	1970	3	1	34800	12
#	1971	3	1	34800	12
#	1972	3	1	34800	12
#	1973	3	1	34800	12
#	1974	3	1	34800	12
#	1975	3	1	34800	12
#	1976	3	1	34800	12
#	1977	3	1	34800	12
#	1978	3	1	34800	12
#	1979	3	1	34800	12
#	1980	3	1	34800	12
#	1981	3	1	34800	12
#	1982	3	1	34800	12
#	1983	3	1	34800	12
#	1984	3	1	34800	12
#	1985	3	1	34800	12
#	1986	3	1	34800	12
#	1987	3	1	34800	12
#	1988	3	1	34800	12
#	1989	3	1	34800	12
#	1990	3	1	34800	12
#	1991	3	1	34800	12
#	1992	3	1	34800	12
#	1993	3	1	34800	12
#	1994	3	1	34800	12
#	1995	3	1	34800	12
#	1996	3	1	34800	12
#	1997	3	1	34800	12
#	1998	3	1	34800	12
#	1999	3	1	34800	12
#	2000	3	1	34800	12
