	累计登陆天数	物品/装备原始名	物品数量	RMB	金币	双倍领取VIP等级限制	
#	1	0	0	0	50000	1	
#	2	SP040	3	0	0	2	
#	3	0	0	40	0	0	
#	4	ZBSX01	20	0	0	3	
#	5	SP040	3	0	0	0	
#	6	ZBSX02	10	0	0	0	
#	7	0	0	0	150000	4	
#	8	SP040	4	0	0	5	
#	9	0	0	60	0	0	
#	10	ZBSX01	20	0	0	6	
#	11	SP040	4	0	0	0	
#	12	ZBSX02	10	0	0	0	
#	13	0	0	0	150000	7	
#	14	SP040	5	0	0	8	
#	15	0	0	80	0	0	
#	16	ZBSX01	20	0	0	9	
#	17	SP040	5	0	0	0	
#	18	ZBSX02	10	0	0	0	
#	19	0	0	0	200000	10	
#	20	SP040	6	0	0	11	
#	21	0	0	100	0	0	
#	22	ZBSX01	20	0	0	12	
#	23	SP040	6	0	0	0	
#	24	ZBSX02	10	0	0	0	
#	25	0	0	0	200000	13	
#	26	SP040	7	0	0	14	
#	27	0	0	120	0	0	
#	28	ZBSX01	20	0	0	15	
#	29	SP040	7	0	0	0	
#	30	ZBSX02	10	0	0	0	
#	31	0	0	0	200000	15	
							
							
							
