	等级	名将和无双	技能A	技能B	被动技能
#	1	100	140	2180	15000
#	2	110	170	2640	16220
#	3	140	220	3140	17480
#	4	170	270	3660	18780
#	5	220	340	4220	20120
#	6	270	410	5000	21500
#	7	340	510	5820	22920
#	8	410	700	6680	24380
#	9	510	910	7580	25880
#	10	700	1140	8520	27420
#	11	910	1390	9500	29000
#	12	1140	1740	10520	30620
#	13	1390	2180	11580	32280
#	14	1740	2640	12680	33980
#	15	2180	3140	13820	35720
#	16	2640	3660	15000	37500
#	17	3140	4220	16220	39320
#	18	3660	5000	17480	41180
#	19	4220	5820	18780	43080
#	20	5000	6680	20120	45020
#	21	5820	7580	21500	47000
#	22	6680	8520	22920	49020
#	23	7580	9500	24380	51080
#	24	8520	10520	25880	53180
#	25	9500	11580	27420	55320
#	26	10520	12680	29000	57500
#	27	11580	13820	30620	59720
#	28	12680	15000	32280	61980
#	29	13820	16220	33980	64280
#	30	15000	17480	35720	66620
#	31	16220	18780	37500	69000
#	32	17480	20120	39320	71420
#	33	18780	21500	41180	73880
#	34	20120	22920	43080	76380
#	35	21500	24380	45020	78920
#	36	22920	25880	47000	81500
#	37	24380	27420	49020	84120
#	38	25880	29000	51080	86780
#	39	27420	30620	53180	89480
#	40	29000	32280	55320	92220
#	41	30620	33980	57500	95000
#	42	32280	35720	59720	97820
#	43	33980	37500	61980	100680
#	44	35720	39320	64280	103580
#	45	37500	41180	66620	106520
#	46	39320	43080	69000	109500
#	47	41180	45020	71420	112520
#	48	43080	47000	73880	115580
#	49	45020	49020	76380	118680
#	50	47000	51080	78920	121820
#	51	49020	53180	81500	0
#	52	51080	55320	84120	0
#	53	53180	57500	86780	0
#	54	55320	59720	89480	0
#	55	57500	61980	92220	0
#	56	59720	64280	95000	0
#	57	61980	66620	97820	0
#	58	64280	69000	100680	0
#	59	66620	71420	103580	0
#	60	69000	73880	106520	0
#	61	71420	76380	109500	0
#	62	73880	78920	112520	0
#	63	76380	81500	115580	0
#	64	78920	84120	118680	0
#	65	81500	86780	121820	0
#	66	84120	89480	0	0
#	67	86780	92220	0	0
#	68	89480	95000	0	0
#	69	92220	97820	0	0
#	70	95000	100680	0	0
#	71	97820	103580	0	0
#	72	100680	106520	0	0
#	73	103580	109500	0	0
#	74	106520	112520	0	0
#	75	109500	115580	0	0
#	76	112520	118680	0	0
#	77	115580	121820	0	0
#	78	118680	0	0	0
#	79	121820	0	0	0
#	80	0	0	0	0
