	"说明:1,周日是星期0"										
											
											
	每周星期几	马厩发镖开始时间(小时)	马厩发镖开始时间（分）	发镖持续时间(秒)	劫镖持续时间(秒)	马厩发镖开始_世界广播提前时间(秒)	间隔(秒)	马厩发镖结束(及劫镖开始)_世界广播提前时间(秒)	间隔(秒)	马厩劫镖结束_世界广播提前时间(秒)	间隔(秒)
#	1	18	0	7200	7200	1800	300	1800	600	1800	600
#	2	18	0	7200	7200	1800	300	1800	600	1800	600
#	3	18	0	7200	7200	1800	300	1800	600	1800	600
#	4	18	0	7200	7200	1800	300	1800	600	1800	600
#	5	18	0	7200	7200	1800	300	1800	600	1800	600
#	6	18	0	7200	7200	1800	300	1800	600	1800	600
#	0	18	0	7200	7200	1800	300	1800	600	1800	600
