	说明：					
	1、职业类别：0.无（作战室雇佣）；1，教练；2，医师；3，厨师					
	2、级别（暂无字段）：0.空；1.初级；2.中级；3.高级；4.特级					
	3、雇佣酬劳：作战室佣金为：战斗力*战力系数*雇佣酬劳（系数），其他职业直接调用【雇佣酬劳】					
	4、雇佣酬劳为雇佣者需要支付的金额，受雇者获得的金钱为【雇佣酬劳】*佣金获取系数					
	5、属性参数：厨师:体力；教练：经验提速（万分比）；医生：复活缩短时间/秒					
						
	职业类别	级别	该级战力上限	雇佣酬劳	冷却时间/秒	佣金获取系数	属性参数
#	0	0	999999	40	86400	0.75	0
#	1	1	29999	10000	7200	0.75	1000
#	1	2	59999	20000	7200	0.75	2000
#	1	3	89999	30000	7200	0.75	3000
#	1	4	999999	40000	7200	0.75	4000
#	2	1	29999	5000	5400	0.75	900
#	2	2	59999	10000	5400	0.75	1800
#	2	3	89999	15000	5400	0.75	2700
#	2	4	999999	20000	5400	0.75	3600
#	3	1	29999	12000	21600	0.75	15
#	3	2	59999	24000	21600	0.75	30
#	3	3	89999	36000	21600	0.75	45
#	3	4	999999	48000	21600	0.75	60
