	VIP等级	累计钻石数量	开启装备一键强化	开启十连扫荡	体力购买次数	普通副本重置	精英副本重置	竞技场重置次数	矿战买活次数	金币购买次数	公会捐赠次数	Untauchable	镜像挑战	蜈蚣	死神	圣诞老人	Untauchable(倍率)	镜像挑战(倍率)	蜈蚣(倍率)	死神(倍率)	圣诞老人(倍率)	占领矿数量	邀请协防数量	参与协防数量	BOB重置次数	公会佣兵数量	发镖数量	劫镖次数	全服礼包限购次数	装备强化暴击上限	购买金币暴击上限	百层塔单扫	百层塔一键扫荡	奖励道具1	星级	数量	奖励道具2	星级	数量	奖励道具3	星级	数量	奖励道具4	星级	数量	日常活动扫荡
#	0	0	0	0	1	0	0	0	2	4	3	2	2	2	2	2	1	1	1	1	1	2	0	1	1	2	1	1	3	5	10	0	0	0	0	0	0	0	0	0	0	0	0	0	0	0
#	1	60	1	0	3	1	1	0	4	8	5	2	2	2	2	2	1	1	1	1	1	2	0	1	1	2	1	1	5	5	10	0	0	GOODS113	0	1	EQ0028	0	1	GOODS109	0	5	0	0	0	0
#	2	300	1	1	5	2	2	0	6	16	6	2	2	2	2	2	1	1.5	1	1	1	2	0	1	1	2	1	1	7	5	10	0	0	GOODS113	0	2	EQ0024	0	1	GOODS109	0	5	0	0	0	0
#	3	600	1	1	6	3	3	1	8	24	7	2	2	2	2	2	1.5	1.5	1	1	1	2	0	1	1	2	1	1	10	5	10	1	0	GOODS113	0	3	EQ0029	0	1	GOODS109	0	5	0	0	0	0
#	4	1200	1	1	7	4	4	2	10	32	8	2	2	2	2	2	1.5	1.5	1	1.5	1	2	0	1	1	2	1	1	12	5	10	1	0	GOODS113	0	4	EQ0037	0	1	EQ0024	0	1	GOODS117	0	10	0
#	5	3000	1	1	9	5	5	3	12	40	9	2	2	2	2	2	1.5	1.5	1.5	1.5	1	2	0	1	1	3	1	1	14	5	10	1	0	GOODS113	0	5	EQ0039	0	1	EQ0027	0	1	GOODS117	0	10	0
#	6	5000	1	1	10	6	6	4	14	48	10	2	2	2	2	2	1.5	1.5	1.5	1.5	1.5	2	0	1	1	3	1	1	16	5	10	1	0	GOODS113	0	6	EQ0042	0	1	EQ0031	0	1	GOODS117	0	10	0
#	7	8000	1	1	11	7	7	5	16	56	11	2	2	2	2	2	1.5	1.5	1.5	1.5	1.5	2	1	1	1	3	1	2	18	5	10	1	0	GOODS113	0	7	EQ0044	0	1	EQ0033	0	1	GOODS117	0	10	0
#	8	12000	1	1	12	8	8	6	18	64	12	2	2	2	2	2	1.5	2	1.5	1.5	1.5	3	1	1	2	3	1	2	20	5	10	1	1	GOODS113	0	8	ZBSX02	0	40	ZBSX01	0	400	EQ0077	1	1	0
#	9	20000	1	1	13	9	9	7	20	72	13	2	2	2	2	2	2	2	1.5	1.5	1.5	3	1	1	2	3	1	2	22	5	10	1	1	GOODS114	0	5	ZBSX02	0	80	ZBSX01	0	800	GOODS117	0	20	0
#	10	30000	1	1	14	10	10	8	22	80	14	2	2	2	2	2	2	2	1.5	2	1.5	3	1	2	2	3	1	2	24	5	10	1	1	GOODS114	0	5	ZBSX02	0	120	ZBSX01	0	1200	GOODS117	0	20	0
#	11	45000	1	1	15	11	11	9	24	88	15	2	2	2	2	2	2	2	2	2	1.5	3	1	2	2	3	2	2	26	5	10	1	1	GOODS114	0	6	TS104	0	1	TS403	0	1	GOODS117	0	20	0
#	12	60000	1	1	16	12	12	10	26	96	16	2	2	2	2	2	2	2	2	2	2	3	1	2	2	3	2	2	28	5	10	1	1	GOODS114	0	6	TS304	0	1	TS204	0	1	GOODS117	0	30	0
#	13	80000	1	1	17	13	13	11	28	104	17	2	2	2	2	2	2	2	2	2	2	4	1	2	2	3	2	2	30	5	10	1	1	GOODS114	0	7	TS105	0	1	TS404	0	1	GOODS117	0	30	0
#	14	120000	1	1	18	14	14	12	30	112	18	2	2	2	2	2	2	2	2	2	2	4	2	2	2	4	2	2	40	5	10	1	1	GOODS114	0	7	EQ0044	2	1	EQ0040	0	1	GOODS117	0	50	0
#	15	200000	1	1	20	15	15	99	99	120	20	2	2	2	2	2	2	2	2	2	2	5	2	2	2	4	2	3	50	5	10	1	1	GOODS114	0	8	EQ0076	3	1	EQ0041	0	1	GOODS117	0	50	0
