






















输出符	进阶类型ID	名称	备注说明	攻击	破击伤害	物理防御	魔法防御	物理和魔法防御	伤害加成（万分率）	伤害减免（万分率）	HP增加	无视防御	普攻能量增加值	能量回复速度（后援）	治疗加成（万分率）	万分比增加武器攻击力	万分比增加配件护甲值	万分比增加饰品生命值	暴击率	武器特效参数1	武器特效参数2	配件特效参数1	配件特效参数2	闪避值	受击能量增加	【白】所需物品原始名	【白】所需物品数量	单次成长比(浮点数)	进阶成长比(浮点数)	【绿】所需物品原始名	【绿】所需物品数量	单次成长比(浮点数)	进阶成长比(浮点数)	【绿+1】所需物品原始名	【绿+1】所需物品数量	单次成长比(浮点数)	进阶成长比(浮点数)	【蓝】所需物品原始名	【蓝】所需物品数量	单次成长比(浮点数)	进阶成长比(浮点数)	【蓝+1】所需物品原始名	【蓝+1】所需物品数量	单次成长比(浮点数)	进阶成长比(浮点数)	【紫】所需物品原始名	【紫】所需物品数量	单次成长比(浮点数)	进阶成长比(浮点数)	【紫+1】所需物品原始名	【紫+1】所需物品数量	单次成长比(浮点数)	进阶成长比(浮点数)	【紫+2】所需物品原始名	【紫+2】所需物品数量	单次成长比(浮点数)	进阶成长比(浮点数)	【紫+3】所需物品原始名	【紫+3】所需物品数量	单次成长比(浮点数)	进阶成长比(浮点数)	【紫+4】所需物品原始名	【紫+4】所需物品数量	单次成长比(浮点数)	进阶成长比(浮点数)	
#	101100	【物理】武者	攻击力	20	0	0	0	0	0	0	0	0	0	0	0	0	0	0	0	0	0	0	0	0	0	GOODS42	1	1	0.25	GOODS42	2	1	0.5	GOODS42	3	1	0.75	GOODS54	4	1	1	GOODS54	6	1	1.5	GOODS66	8	1	2	GOODS78	10	1	2.5	GOODS90	15	1	3.75	GOODS120	20	1	5	GOODS132	25	1	6.25	
#	101200	【魔法】武者	攻击力	20	0	0	0	0	0	0	0	0	0	0	0	0	0	0	0	0	0	0	0	0	0	GOODS43	1	1	0.25	GOODS43	2	1	0.5	GOODS43	3	1	0.75	GOODS55	4	1	1	GOODS55	6	1	1.5	GOODS67	8	1	2	GOODS79	10	1	2.5	GOODS91	15	1	3.75	GOODS121	20	1	5	GOODS133	25	1	6.25	
#	102100	【物理】守护	物理防御	0	0	40	0	0	0	0	0	0	0	0	0	0	0	0	0	0	0	0	0	0	0	GOODS42	1	1	0.25	GOODS42	2	1	0.5	GOODS42	3	1	0.75	GOODS54	4	1	1	GOODS54	6	1	1.5	GOODS66	8	1	2	GOODS78	10	1	2.5	GOODS90	15	1	3.75	GOODS120	20	1	5	GOODS132	25	1	6.25	
#	102200	【魔法】守护	物理防御	0	0	40	0	0	0	0	0	0	0	0	0	0	0	0	0	0	0	0	0	0	0	GOODS43	1	1	0.25	GOODS43	2	1	0.5	GOODS43	3	1	0.75	GOODS55	4	1	1	GOODS55	6	1	1.5	GOODS67	8	1	2	GOODS79	10	1	2.5	GOODS91	15	1	3.75	GOODS121	20	1	5	GOODS133	25	1	6.25	
#	103100	【物理】噬魔	魔法防御	0	0	0	40	0	0	0	0	0	0	0	0	0	0	0	0	0	0	0	0	0	0	GOODS42	1	1	0.25	GOODS42	2	1	0.5	GOODS42	3	1	0.75	GOODS54	4	1	1	GOODS54	6	1	1.5	GOODS66	8	1	2	GOODS78	10	1	2.5	GOODS90	15	1	3.75	GOODS120	20	1	5	GOODS132	25	1	6.25	
#	103200	【魔法】噬魔	魔法防御	0	0	0	40	0	0	0	0	0	0	0	0	0	0	0	0	0	0	0	0	0	0	GOODS43	1	1	0.25	GOODS43	2	1	0.5	GOODS43	3	1	0.75	GOODS55	4	1	1	GOODS55	6	1	1.5	GOODS67	8	1	2	GOODS79	10	1	2.5	GOODS91	15	1	3.75	GOODS121	20	1	5	GOODS133	25	1	6.25	
#	104100	【物理】结界	防御	0	0	0	0	20	0	0	0	0	0	0	0	0	0	0	0	0	0	0	0	0	0	GOODS42	1	1	0.25	GOODS42	2	1	0.5	GOODS42	3	1	0.75	GOODS54	4	1	1	GOODS54	6	1	1.5	GOODS66	8	1	2	GOODS78	10	1	2.5	GOODS90	15	1	3.75	GOODS120	20	1	5	GOODS132	25	1	6.25	
#	104200	【魔法】结界	防御	0	0	0	0	20	0	0	0	0	0	0	0	0	0	0	0	0	0	0	0	0	0	GOODS43	1	1	0.25	GOODS43	2	1	0.5	GOODS43	3	1	0.75	GOODS55	4	1	1	GOODS55	6	1	1.5	GOODS67	8	1	2	GOODS79	10	1	2.5	GOODS91	15	1	3.75	GOODS121	20	1	5	GOODS133	25	1	6.25	
#	105100	【物理】体术	生命值	0	0	0	0	0	0	0	1085	0	0	0	0	0	0	0	0	0	0	0	0	0	0	GOODS42	1	1	0.25	GOODS42	2	1	0.5	GOODS42	3	1	0.75	GOODS54	4	1	1	GOODS54	6	1	1.5	GOODS66	8	1	2	GOODS78	10	1	2.5	GOODS90	15	1	3.75	GOODS120	20	1	5	GOODS132	25	1	6.25	
#	105200	【魔法】体术	生命值	0	0	0	0	0	0	0	1085	0	0	0	0	0	0	0	0	0	0	0	0	0	0	GOODS43	1	1	0.25	GOODS43	2	1	0.5	GOODS43	3	1	0.75	GOODS55	4	1	1	GOODS55	6	1	1.5	GOODS67	8	1	2	GOODS79	10	1	2.5	GOODS91	15	1	3.75	GOODS121	20	1	5	GOODS133	25	1	6.25	
#	204100	【物理】单手武器掌握	连斩率	0	0	0	0	0	0	0	0	0	0	0	0	0	0	0	0	20	0	0	0	0	0	GOODS48	1	1	0.25	GOODS48	2	1	0.5	GOODS48	3	1	0.75	GOODS60	4	1	1	GOODS60	6	1	1.5	GOODS72	8	1	2	GOODS84	10	1	2.5	GOODS96	15	1	3.75	GOODS126	20	1	5	GOODS138	25	1	6.25	
#	204200	【魔法】单手武器掌握	连斩率	0	0	0	0	0	0	0	0	0	0	0	0	0	0	0	0	20	0	0	0	0	0	GOODS49	1	1	0.25	GOODS49	2	1	0.5	GOODS49	3	1	0.75	GOODS61	4	1	1	GOODS61	6	1	1.5	GOODS73	8	1	2	GOODS85	10	1	2.5	GOODS97	15	1	3.75	GOODS127	20	1	5	GOODS139	25	1	6.25	
#	205100	【物理】双手武器掌握	暴击伤害	0	0	0	0	0	0	0	0	0	0	0	0	0	0	0	0	120	0	0	0	0	0	GOODS48	1	1	0.25	GOODS48	2	1	0.5	GOODS48	3	1	0.75	GOODS60	4	1	1	GOODS60	6	1	1.5	GOODS72	8	1	2	GOODS84	10	1	2.5	GOODS96	15	1	3.75	GOODS126	20	1	5	GOODS138	25	1	6.25	
#	205200	【魔法】双手武器掌握	暴击伤害	0	0	0	0	0	0	0	0	0	0	0	0	0	0	0	0	120	0	0	0	0	0	GOODS49	1	1	0.25	GOODS49	2	1	0.5	GOODS49	3	1	0.75	GOODS61	4	1	1	GOODS61	6	1	1.5	GOODS73	8	1	2	GOODS85	10	1	2.5	GOODS97	15	1	3.75	GOODS127	20	1	5	GOODS139	25	1	6.25	
#	206100	【物理】轻型武器掌握	爆头率	0	0	0	0	0	0	0	0	0	0	0	0	0	0	0	0	40	0	0	0	0	0	GOODS48	1	1	0.25	GOODS48	2	1	0.5	GOODS48	3	1	0.75	GOODS60	4	1	1	GOODS60	6	1	1.5	GOODS72	8	1	2	GOODS84	10	1	2.5	GOODS96	15	1	3.75	GOODS126	20	1	5	GOODS138	25	1	6.25	
#	206200	【魔法】轻型武器掌握	爆头率	0	0	0	0	0	0	0	0	0	0	0	0	0	0	0	0	40	0	0	0	0	0	GOODS49	1	1	0.25	GOODS49	2	1	0.5	GOODS49	3	1	0.75	GOODS61	4	1	1	GOODS61	6	1	1.5	GOODS73	8	1	2	GOODS85	10	1	2.5	GOODS97	15	1	3.75	GOODS127	20	1	5	GOODS139	25	1	6.25	
#	207100	【物理】重型武器掌握	致伤率	0	0	0	0	0	0	0	0	0	0	0	0	0	0	0	0	20	0	0	0	0	0	GOODS48	1	1	0.25	GOODS48	2	1	0.5	GOODS48	3	1	0.75	GOODS60	4	1	1	GOODS60	6	1	1.5	GOODS72	8	1	2	GOODS84	10	1	2.5	GOODS96	15	1	3.75	GOODS126	20	1	5	GOODS138	25	1	6.25	
#	207200	【魔法】重型武器掌握	致伤率	0	0	0	0	0	0	0	0	0	0	0	0	0	0	0	0	20	0	0	0	0	0	GOODS49	1	1	0.25	GOODS49	2	1	0.5	GOODS49	3	1	0.75	GOODS61	4	1	1	GOODS61	6	1	1.5	GOODS73	8	1	2	GOODS85	10	1	2.5	GOODS97	15	1	3.75	GOODS127	20	1	5	GOODS139	25	1	6.25	
#	208100	【物理】轻型护甲掌握	反击率	0	0	0	0	0	0	0	0	0	0	0	0	0	0	0	0	0	0	20	0	0	0	GOODS48	1	1	0.25	GOODS48	2	1	0.5	GOODS48	3	1	0.75	GOODS60	4	1	1	GOODS60	6	1	1.5	GOODS72	8	1	2	GOODS84	10	1	2.5	GOODS96	15	1	3.75	GOODS126	20	1	5	GOODS138	25	1	6.25	
#	208200	【魔法】轻型护甲掌握	反击率	0	0	0	0	0	0	0	0	0	0	0	0	0	0	0	0	0	0	20	0	0	0	GOODS49	1	1	0.25	GOODS49	2	1	0.5	GOODS49	3	1	0.75	GOODS61	4	1	1	GOODS61	6	1	1.5	GOODS73	8	1	2	GOODS85	10	1	2.5	GOODS97	15	1	3.75	GOODS127	20	1	5	GOODS139	25	1	6.25	
#	209100	【物理】实体盾牌掌握	格挡值	0	0	0	0	0	0	0	0	0	0	0	0	0	0	0	0	0	0	20	0	0	0	GOODS48	1	1	0.25	GOODS48	2	1	0.5	GOODS48	3	1	0.75	GOODS60	4	1	1	GOODS60	6	1	1.5	GOODS72	8	1	2	GOODS84	10	1	2.5	GOODS96	15	1	3.75	GOODS126	20	1	5	GOODS138	25	1	6.25	
#	209200	【魔法】实体盾牌掌握	格挡值	0	0	0	0	0	0	0	0	0	0	0	0	0	0	0	0	0	0	20	0	0	0	GOODS49	1	1	0.25	GOODS49	2	1	0.5	GOODS49	3	1	0.75	GOODS61	4	1	1	GOODS61	6	1	1.5	GOODS73	8	1	2	GOODS85	10	1	2.5	GOODS97	15	1	3.75	GOODS127	20	1	5	GOODS139	25	1	6.25	
#	210100	【物理】离子护盾掌握	折射率	0	0	0	0	0	0	0	0	0	0	0	0	0	0	0	0	0	0	20	0	0	0	GOODS48	1	1	0.25	GOODS48	2	1	0.5	GOODS48	3	1	0.75	GOODS60	4	1	1	GOODS60	6	1	1.5	GOODS72	8	1	2	GOODS84	10	1	2.5	GOODS96	15	1	3.75	GOODS126	20	1	5	GOODS138	25	1	6.25	
#	210200	【魔法】离子护盾掌握	折射率	0	0	0	0	0	0	0	0	0	0	0	0	0	0	0	0	0	0	20	0	0	0	GOODS49	1	1	0.25	GOODS49	2	1	0.5	GOODS49	3	1	0.75	GOODS61	4	1	1	GOODS61	6	1	1.5	GOODS73	8	1	2	GOODS85	10	1	2.5	GOODS97	15	1	3.75	GOODS127	20	1	5	GOODS139	25	1	6.25	
#	211100	【物理】防护水晶掌握	魔伤减免	0	0	0	0	0	0	0	0	0	0	0	0	0	0	0	0	0	0	20	0	0	0	GOODS48	1	1	0.25	GOODS48	2	1	0.5	GOODS48	3	1	0.75	GOODS60	4	1	1	GOODS60	6	1	1.5	GOODS72	8	1	2	GOODS84	10	1	2.5	GOODS96	15	1	3.75	GOODS126	20	1	5	GOODS138	25	1	6.25	
#	211200	【魔法】防护水晶掌握	魔伤减免	0	0	0	0	0	0	0	0	0	0	0	0	0	0	0	0	0	0	20	0	0	0	GOODS49	1	1	0.25	GOODS49	2	1	0.5	GOODS49	3	1	0.75	GOODS61	4	1	1	GOODS61	6	1	1.5	GOODS73	8	1	2	GOODS85	10	1	2.5	GOODS97	15	1	3.75	GOODS127	20	1	5	GOODS139	25	1	6.25	
#	212100	【物理】防护水晶精通	受击能量	0	0	0	0	0	0	0	0	0	0	0	0	0	0	0	0	0	0	0	10	0	0	GOODS48	1	1	0.25	GOODS48	2	1	0.5	GOODS48	3	1	0.75	GOODS60	4	1	1	GOODS60	6	1	1.5	GOODS72	8	1	2	GOODS84	10	1	2.5	GOODS96	15	1	3.75	GOODS126	20	1	5	GOODS138	25	1	6.25	
#	212200	【魔法】防护水晶精通	受击能量	0	0	0	0	0	0	0	0	0	0	0	0	0	0	0	0	0	0	0	10	0	0	GOODS49	1	1	0.25	GOODS49	2	1	0.5	GOODS49	3	1	0.75	GOODS61	4	1	1	GOODS61	6	1	1.5	GOODS73	8	1	2	GOODS85	10	1	2.5	GOODS97	15	1	3.75	GOODS127	20	1	5	GOODS139	25	1	6.25	
#	301100	【物理】洞察	无视防御	0	0	0	0	0	0	0	0	20	0	0	0	0	0	0	0	0	0	0	0	0	0	GOODS51	1	1	0.25	GOODS51	2	1	0.5	GOODS51	3	1	0.75	GOODS63	4	1	1	GOODS63	6	1	1.5	GOODS75	8	1	2	GOODS87	10	1	2.5	GOODS99	15	1	3.75	GOODS129	20	1	5	GOODS141	25	1	6.25	
#	301200	【魔法】洞察	无视防御	0	0	0	0	0	0	0	0	20	0	0	0	0	0	0	0	0	0	0	0	0	0	GOODS52	1	1	0.25	GOODS52	2	1	0.5	GOODS52	3	1	0.75	GOODS64	4	1	1	GOODS64	6	1	1.5	GOODS76	8	1	2	GOODS88	10	1	2.5	GOODS100	15	1	3.75	GOODS130	20	1	5	GOODS142	25	1	6.25	
#	302100	【物理】破击	破击伤害	0	20	0	0	0	0	0	0	0	0	0	0	0	0	0	0	0	0	0	0	0	0	GOODS51	1	1	0.25	GOODS51	2	1	0.5	GOODS51	3	1	0.75	GOODS63	4	1	1	GOODS63	6	1	1.5	GOODS75	8	1	2	GOODS87	10	1	2.5	GOODS99	15	1	3.75	GOODS129	20	1	5	GOODS141	25	1	6.25	
#	302200	【魔法】破击	破击伤害	0	20	0	0	0	0	0	0	0	0	0	0	0	0	0	0	0	0	0	0	0	0	GOODS52	1	1	0.25	GOODS52	2	1	0.5	GOODS52	3	1	0.75	GOODS64	4	1	1	GOODS64	6	1	1.5	GOODS76	8	1	2	GOODS88	10	1	2.5	GOODS100	15	1	3.75	GOODS130	20	1	5	GOODS142	25	1	6.25	
#	303100	【物理】全能	伤害加成	0	0	0	0	0	10	0	0	0	0	0	0	0	0	0	0	0	0	0	0	0	0	GOODS51	1	1	0.25	GOODS51	2	1	0.5	GOODS51	3	1	0.75	GOODS63	4	1	1	GOODS63	6	1	1.5	GOODS75	8	1	2	GOODS87	10	1	2.5	GOODS99	15	1	3.75	GOODS129	20	1	5	GOODS141	25	1	6.25	
#	303200	【魔法】全能	伤害加成	0	0	0	0	0	10	0	0	0	0	0	0	0	0	0	0	0	0	0	0	0	0	GOODS52	1	1	0.25	GOODS52	2	1	0.5	GOODS52	3	1	0.75	GOODS64	4	1	1	GOODS64	6	1	1.5	GOODS76	8	1	2	GOODS88	10	1	2.5	GOODS100	15	1	3.75	GOODS130	20	1	5	GOODS142	25	1	6.25	
#	304100	【物理】全知	伤害减免	0	0	0	0	0	0	10	0	0	0	0	0	0	0	0	0	0	0	0	0	0	0	GOODS51	1	1	0.25	GOODS51	2	1	0.5	GOODS51	3	1	0.75	GOODS63	4	1	1	GOODS63	6	1	1.5	GOODS75	8	1	2	GOODS87	10	1	2.5	GOODS99	15	1	3.75	GOODS129	20	1	5	GOODS141	25	1	6.25	
#	304200	【魔法】全知	伤害减免	0	0	0	0	0	0	10	0	0	0	0	0	0	0	0	0	0	0	0	0	0	0	GOODS52	1	1	0.25	GOODS52	2	1	0.5	GOODS52	3	1	0.75	GOODS64	4	1	1	GOODS64	6	1	1.5	GOODS76	8	1	2	GOODS88	10	1	2.5	GOODS100	15	1	3.75	GOODS130	20	1	5	GOODS142	25	1	6.25	
#	305100	【物理】杀戮	暴击率	0	0	0	0	0	0	0	0	0	0	0	0	0	0	0	10	0	0	0	0	0	0	GOODS51	1	1	0.25	GOODS51	2	1	0.5	GOODS51	3	1	0.75	GOODS63	4	1	1	GOODS63	6	1	1.5	GOODS75	8	1	2	GOODS87	10	1	2.5	GOODS99	15	1	3.75	GOODS129	20	1	5	GOODS141	25	1	6.25	
#	305200	【魔法】杀戮	暴击率	0	0	0	0	0	0	0	0	0	0	0	0	0	0	0	10	0	0	0	0	0	0	GOODS52	1	1	0.25	GOODS52	2	1	0.5	GOODS52	3	1	0.75	GOODS64	4	1	1	GOODS64	6	1	1.5	GOODS76	8	1	2	GOODS88	10	1	2.5	GOODS100	15	1	3.75	GOODS130	20	1	5	GOODS142	25	1	6.25	
#	306100	【物理】魅影	闪避值	0	0	0	0	0	0	0	0	0	0	0	0	0	0	0	0	0	0	0	0	20	0	GOODS51	1	1	0.25	GOODS51	2	1	0.5	GOODS51	3	1	0.75	GOODS63	4	1	1	GOODS63	6	1	1.5	GOODS75	8	1	2	GOODS87	10	1	2.5	GOODS99	15	1	3.75	GOODS129	20	1	5	GOODS141	25	1	6.25	
#	306200	【魔法】魅影	闪避值	0	0	0	0	0	0	0	0	0	0	0	0	0	0	0	0	0	0	0	0	20	0	GOODS52	1	1	0.25	GOODS52	2	1	0.5	GOODS52	3	1	0.75	GOODS64	4	1	1	GOODS64	6	1	1.5	GOODS76	8	1	2	GOODS88	10	1	2.5	GOODS100	15	1	3.75	GOODS130	20	1	5	GOODS142	25	1	6.25	
#	401100	【物理】坚定之心	普攻能量	0	0	0	0	0	0	0	0	0	0.7	0	0	0	0	0	0	0	0	0	0	0	0	GOODS42	1	1	0.25	GOODS42	2	1	0.5	GOODS42	3	1	0.75	GOODS54	4	1	1	GOODS54	6	1	1.5	GOODS66	8	1	2	GOODS78	10	1	2.5	GOODS90	15	1	3.75	GOODS120	20	1	5	GOODS132	25	1	6.25	
#	401200	【魔法】坚定之心	普攻能量	0	0	0	0	0	0	0	0	0	0.7	0	0	0	0	0	0	0	0	0	0	0	0	GOODS43	1	1	0.25	GOODS43	2	1	0.5	GOODS43	3	1	0.75	GOODS55	4	1	1	GOODS55	6	1	1.5	GOODS67	8	1	2	GOODS79	10	1	2.5	GOODS91	15	1	3.75	GOODS121	20	1	5	GOODS133	25	1	6.25	
#	402100	【物理】冥想	后援能量	0	0	0	0	0	0	0	0	0	0	6	0	0	0	0	0	0	0	0	0	0	0	GOODS42	1	1	0.25	GOODS42	2	1	0.5	GOODS42	3	1	0.75	GOODS54	4	1	1	GOODS54	6	1	1.5	GOODS66	8	1	2	GOODS78	10	1	2.5	GOODS90	15	1	3.75	GOODS120	20	1	5	GOODS132	25	1	6.25	
#	402200	【魔法】冥想	后援能量	0	0	0	0	0	0	0	0	0	0	6	0	0	0	0	0	0	0	0	0	0	0	GOODS43	1	1	0.25	GOODS43	2	1	0.5	GOODS43	3	1	0.75	GOODS55	4	1	1	GOODS55	6	1	1.5	GOODS67	8	1	2	GOODS79	10	1	2.5	GOODS91	15	1	3.75	GOODS121	20	1	5	GOODS133	25	1	6.25	
#	403100	【物理】补师	治疗加成	0	0	0	0	0	0	0	0	0	0	0	80	0	0	0	0	0	0	0	0	0	0	GOODS42	1	1	0.25	GOODS42	2	1	0.5	GOODS42	3	1	0.75	GOODS54	4	1	1	GOODS54	6	1	1.5	GOODS66	8	1	2	GOODS78	10	1	2.5	GOODS90	15	1	3.75	GOODS120	20	1	5	GOODS132	25	1	6.25	
#	403200	【魔法】补师	治疗加成	0	0	0	0	0	0	0	0	0	0	0	80	0	0	0	0	0	0	0	0	0	0	GOODS43	1	1	0.25	GOODS43	2	1	0.5	GOODS43	3	1	0.75	GOODS55	4	1	1	GOODS55	6	1	1.5	GOODS67	8	1	2	GOODS79	10	1	2.5	GOODS91	15	1	3.75	GOODS121	20	1	5	GOODS133	25	1	6.25	
