玩法开启等级	40								
玩法开服X天后开启	15								
获胜基础分	10								
失败基础分	5								
星级积分系数	0.5								
战斗积分系数	0.01								
匹配浮动值	10								
每日排位赛开启时间	10:00								
每日排位赛结束时间	23:20								
开启下注时间	6:00								
8进4开启时间	19:00								
8进4结束时间	19:20								
4进2开始时间	19:20								
4进2结束时间	19:40								
决赛开始时间	19:40								
决赛结束时间	20:00								
									
奖励配置									
类型	金币	钻石	英魄	万能碎片	道具1原始名	道具1数量	道具2原始名	道具2数量	
#	PrizeBegin								
排位赛胜场奖励	145000	0	170	625	0	0	0	0	
排位赛败场奖励	110000	0	125	470	0	0	0	0	
巅峰对决胜场奖励	145000	0	170	625	0	0	0	0	
巅峰对决败场奖励	110000	0	125	470	0	0	0	0	
巅峰对决8强奖励	2500000	0	2400	13500	ZBSX02	60	0	0	
巅峰对决4强奖励	2900000	0	2800	15750	ZBSX02	70	0	0	
巅峰对决第2名奖励	3350000	0	3200	18000	ZBSX02	80	0	0	
巅峰对决第1名奖励	4200000	0	4000	22500	ZBSX02	100	0	0	
									
排位赛排名奖励									
	名次	金币	钻石	英魄	万能碎片	道具1原始名	道具1数量	道具2原始名	道具2数量
#	10	1500000	0	2000	12000	0	0	0	0
#	20	1400000	0	1900	11500	0	0	0	0
#	30	1300000	0	1800	11000	0	0	0	0
#	40	1200000	0	1700	10500	0	0	0	0
#	50	1100000	0	1600	10000	0	0	0	0
#	70	1000000	0	1500	9500	0	0	0	0
#	100	950000	0	1400	9000	0	0	0	0
#	200	900000	0	1300	8500	0	0	0	0
#	300	850000	0	1200	8000	0	0	0	0
#	400	800000	0	1100	7500	0	0	0	0
#	500	750000	0	1000	7000	0	0	0	0
#	1000	700000	0	900	6500	0	0	0	0
#	2000	650000	0	800	6000	0	0	0	0
#	3000	600000	0	700	5500	0	0	0	0
#	4000	550000	0	600	5000	0	0	0	0
#	5000	500000	0	500	4500	0	0	0	0
#	10000	500000	0	500	4500	0	0	0	0
#	PaiWeiSaiEnd								
									
#	Gamble								
金币押注金额	500000								
钻石押注金额	100								
赔率配置									
	名词	赔率最低值	赔率最高值						
#	1	1.2	1.5						
#	2	1.5	2						
#	3	2	2.5						
#	4	2.5	3						
#	5	2.5	3.2						
#	6	3	3.5						
#	7	3.5	3.8						
#	8	3.5	4						
